  Run_nr	   Alpha	    Beta	      CL	      CD	    Cyaw	 Cm_p_qc	      Ct	      Cn	   Cside	 Cm_roll	Cm_pitch	  Cm_yaw	       V	      Re	       M
       /	 degrees	 degrees	       /	       /	       /	       /	       /	       /	       /	       /	       /	       /	     m/s	       /	       /
       1	  -2.996	  -2.000	 -0.2012	0.094054	-0.00627	 0.27727	0.083136	 -0.2058	-0.009554	-0.01373	 0.32588	 0.00367	   10.05	8.810E+4	   0.029	        	        	        	        	        	        	        	        	        	        	        	        	        	        	        	        	        
       2	   6.996	  -1.005	  0.8551	-0.079530	-0.01734	 0.21133	-0.183382	  0.8390	-0.015940	-0.01118	-0.00059	 0.00198	   10.06	8.824E+4	   0.030	        	        	        	        	        	        	        	        	        	        	        	        	        	        	        	        	        
       3	   1.004	   3.000	  0.2349	0.091893	 0.00910	 0.28997	0.087160	  0.2365	0.013900	 0.00953	 0.22789	-0.00312	   10.08	8.846E+4	   0.030	        	        	        	        	        	        	        	        	        	        	        	        	        	        	        	        	        
       4	   7.996	   3.000	  0.8678	0.108405	 0.05897	 0.24233	-0.016566	  0.8740	0.064558	 0.00447	 0.02135	-0.02014	   20.07	1.760E+5	   0.059	        	        	        	        	        	        	        	        	        	        	        	        	        	        	        	        	        
       5	   0.004	   3.000	  0.1082	-0.118999	 0.10470	 0.27631	-0.124323	  0.1082	0.098333	 0.00463	 0.24643	-0.03047	   20.14	1.766E+5	   0.059	        	        	        	        	        	        	        	        	        	        	        	        	        	        	        	        	        
       6	  -3.000	  -2.000	 -0.2182	-0.035871	-0.04556	 0.33451	-0.048805	 -0.2159	-0.044281	-0.00702	 0.38500	 0.01304	   40.22	3.517E+5	   0.118	        	        	        	        	        	        	        	        	        	        	        	        	        	        	        	        	        
       7	   7.996	  -2.000	  0.8686	0.101033	-0.03298	 0.20196	-0.021976	  0.8740	-0.036485	-0.00661	-0.01865	 0.01020	   40.19	3.511E+5	   0.118	        	        	        	        	        	        	        	        	        	        	        	        	        	        	        	        	        
       8	   7.996	   2.995	  0.9004	-0.009853	 0.07387	 0.17775	-0.138816	  0.8897	0.073258	 0.00182	-0.04653	-0.02051	   40.20	3.511E+5	   0.118	        	        	        	        	        	        	        	        	        	        	        	        	        	        	        	        	        
       9	   0.004	   2.995	  0.1297	0.074161	 0.06488	 0.29727	0.070661	  0.1297	0.068666	 0.00553	 0.26175	-0.02063	   40.27	3.515E+5	   0.118	        	        	        	        	        	        	        	        	        	        	        	        	        	        	        	        	        
      10	   7.996	  -2.000	  0.8697	0.101005	-0.03357	 0.20396	-0.022180	  0.8751	-0.037071	-0.00649	-0.01695	 0.01034	   40.22	3.510E+5	   0.118	        	        	        	        	        	        	        	        	        	        	        	        	        	        	        	        	        
