  Run_nr	   Alpha	    Beta	      CL	      CD	    Cyaw	 Cm_p_qc	      Ct	      Cn	   Cside	 Cm_roll	Cm_pitch	  Cm_yaw	       V	      Re	       M
       /	 degrees	 degrees	       /	       /	       /	       /	       /	       /	       /	       /	       /	       /	     m/s	       /	       /
      24	  -2.000	   0.995	  0.0388	0.074842	 0.00373	-0.02642	0.076073	  0.0361	0.005032	-0.00008	-0.03518	-0.00119	   10.07	8.796E+4	   0.030	        	        	        	        	        	        	        	        	        	        	        	        	        	        	        	        	        
      25	   5.996	   1.995	  0.9427	-0.078448	 0.00838	-0.26886	-0.176730	  0.9293	0.005649	 0.00365	-0.49843	-0.00734	   10.03	8.765E+4	   0.029	        	        	        	        	        	        	        	        	        	        	        	        	        	        	        	        	        
      26	  -2.996	   1.000	 -0.0652	0.059663	 0.03276	-0.04744	0.055595	 -0.0682	0.033793	 0.00236	-0.02990	-0.00748	   30.16	2.634E+5	   0.088	        	        	        	        	        	        	        	        	        	        	        	        	        	        	        	        	        
      27	   5.996	  -1.995	  0.8461	0.078059	-0.03895	-0.12100	-0.012147	  0.8495	-0.041647	-0.00756	-0.33212	 0.01188	   30.16	2.635E+5	   0.088	        	        	        	        	        	        	        	        	        	        	        	        	        	        	        	        	        
      28	  -2.996	  -1.995	 -0.0584	0.066317	-0.05325	-0.05733	0.061283	 -0.0617	-0.055527	-0.00587	-0.04131	 0.01730	   40.21	3.506E+5	   0.118	        	        	        	        	        	        	        	        	        	        	        	        	        	        	        	        	        
      29	   2.996	   1.995	  0.5768	-0.033911	 0.04816	-0.16292	-0.065663	  0.5741	0.046949	-0.00062	-0.30475	-0.01435	   40.20	3.503E+5	   0.118	        	        	        	        	        	        	        	        	        	        	        	        	        	        	        	        	        
      30	  -1.996	   1.000	  0.0362	0.077162	-0.00016	-0.04175	0.078368	  0.0335	0.001188	 0.00088	-0.04970	-0.00031	   10.06	8.783E+4	   0.029	        	        	        	        	        	        	        	        	        	        	        	        	        	        	        	        	        
      31	  -3.000	   1.000	 -0.0668	0.059114	 0.03303	-0.04324	0.054952	 -0.0698	0.034061	 0.00240	-0.02535	-0.00765	   30.16	2.632E+5	   0.088	        	        	        	        	        	        	        	        	        	        	        	        	        	        	        	        	        
      32	  -3.000	  -1.995	 -0.0592	0.066096	-0.05263	-0.05507	0.061039	 -0.0624	-0.054904	-0.00578	-0.03889	 0.01721	   40.21	3.503E+5	   0.118	        	        	        	        	        	        	        	        	        	        	        	        	        	        	        	        	        
      33	  13.996	  -0.005	  1.2730	0.205185	-0.00061	-0.25213	-0.108777	  1.2848	-0.000627	 0.00041	-0.57071	-0.00291	   40.22	3.503E+5	   0.118	        	        	        	        	        	        	        	        	        	        	        	        	        	        	        	        	        
      34	  13.004	  -0.005	  1.2233	0.186772	-0.00133	-0.25264	-0.093291	  1.2340	-0.001348	-0.00009	-0.55850	-0.00279	   40.19	3.499E+5	   0.118	        	        	        	        	        	        	        	        	        	        	        	        	        	        	        	        	        
      35	  10.000	  -0.005	  1.0872	0.133341	-0.00272	-0.17385	-0.057469	  1.0938	-0.002734	-0.00238	-0.44549	-0.00200	   40.20	3.500E+5	   0.118	        	        	        	        	        	        	        	        	        	        	        	        	        	        	        	        	        
