  Run_nr	   Alpha	    Beta	      CL	      CD	    Cyaw	 Cm_p_qc	      Ct	      Cn	   Cside	 Cm_roll	Cm_pitch	  Cm_yaw	       V	      Re	       M
       /	 degrees	 degrees	       /	       /	       /	       /	       /	       /	       /	       /	       /	       /	     m/s	       /	       /
      11	   1.996	  -1.995	  0.4264	0.016795	-0.04733	 0.00867	0.000276	  0.4267	-0.047883	-0.00874	-0.09810	 0.01316	   40.21	3.510E+5	   0.118	        	        	        	        	        	        	        	        	        	        	        	        	        	        	        	        	        
      12	   3.000	   1.995	  0.5241	0.021759	 0.05021	 0.00304	-0.007460	  0.5244	0.050940	 0.00162	-0.12810	-0.01442	   40.21	3.508E+5	   0.118	        	        	        	        	        	        	        	        	        	        	        	        	        	        	        	        	        
      13	   5.000	  -0.995	  0.7419	0.096712	 0.00045	 0.04653	0.031674	  0.7475	-0.001226	-0.00511	-0.14083	 0.00039	   10.04	8.786E+4	   0.029	        	        	        	        	        	        	        	        	        	        	        	        	        	        	        	        	        
      14	  -2.996	  -2.000	 -0.1267	-0.007284	 0.00208	-0.02637	-0.013820	 -0.1262	0.002332	-0.01313	 0.00544	-0.00081	   10.04	8.789E+4	   0.029	        	        	        	        	        	        	        	        	        	        	        	        	        	        	        	        	        
      15	   2.996	   1.995	  0.5239	0.021860	 0.05058	 0.00309	-0.007321	  0.5242	0.051309	 0.00163	-0.12798	-0.01438	   40.23	3.512E+5	   0.118	        	        	        	        	        	        	        	        	        	        	        	        	        	        	        	        	        
      16	   2.004	  -1.995	  0.4293	0.017153	-0.04684	 0.00847	0.000491	  0.4296	-0.047414	-0.00878	-0.09902	 0.01308	   40.22	3.509E+5	   0.118	        	        	        	        	        	        	        	        	        	        	        	        	        	        	        	        	        
      17	   2.996	   1.995	  0.5238	0.021863	 0.05013	 0.00296	-0.007298	  0.5241	0.050856	 0.00159	-0.12810	-0.01438	   40.21	3.507E+5	   0.118	        	        	        	        	        	        	        	        	        	        	        	        	        	        	        	        	        
      18	   7.000	   3.000	  0.8807	0.098632	 0.06608	 0.00603	-0.012998	  0.8857	0.071147	 0.00483	-0.21546	-0.01963	   40.20	3.505E+5	   0.118	        	        	        	        	        	        	        	        	        	        	        	        	        	        	        	        	        
      19	   8.000	   0.005	  0.9505	0.105300	-0.00279	-0.01902	-0.028012	  0.9559	-0.002785	-0.00289	-0.25780	-0.00077	   40.21	3.505E+5	   0.118	        	        	        	        	        	        	        	        	        	        	        	        	        	        	        	        	        
      20	   8.000	   0.005	  0.9520	0.103718	-0.00290	-0.02044	-0.029789	  0.9572	-0.002895	-0.00292	-0.25952	-0.00071	   40.21	3.503E+5	   0.118	        	        	        	        	        	        	        	        	        	        	        	        	        	        	        	        	        
      21	   8.000	   0.005	  0.9610	0.087001	 0.00105	-0.03544	-0.047592	  0.9637	0.001057	-0.00303	-0.27601	-0.00173	   40.20	3.501E+5	   0.118	        	        	        	        	        	        	        	        	        	        	        	        	        	        	        	        	        
      22	   2.004	  -2.005	  0.4228	0.071402	-0.04389	 0.03961	0.054995	  0.4250	-0.046357	-0.00619	-0.06705	 0.01361	   40.21	3.500E+5	   0.118	        	        	        	        	        	        	        	        	        	        	        	        	        	        	        	        	        
      23	   2.996	   2.000	  0.5145	0.076101	 0.04023	 0.04255	0.047656	  0.5177	0.042860	 0.00272	-0.08732	-0.01311	   40.21	3.499E+5	   0.118	        	        	        	        	        	        	        	        	        	        	        	        	        	        	        	        	        
