37.000,-0.724,1017.789,16.780,1.223,-1.166,NaN,NaN,0.000,0.000,0.000,0.000,0.004,0.005,0.000,0.000,0.000,0.049,19.363,0.000,32.312,0.000,128.000,0.000,0.038,19.211,0.000,31.294,26.000,2.000,2026.000,9.000,56.000,1.000
37.000,-0.746,1017.792,16.780,1.223,-1.218,NaN,NaN,0.000,0.000,0.000,0.000,0.004,0.005,0.000,0.000,0.000,0.038,19.370,0.000,32.312,0.000,128.000,0.000,0.038,19.217,0.000,31.294,26.000,2.000,2026.000,9.000,56.000,1.000
37.000,-0.770,1017.792,16.780,1.223,-1.273,NaN,NaN,0.000,0.000,0.000,0.000,0.004,0.005,0.000,0.000,0.000,0.049,19.354,0.000,32.312,0.000,128.000,0.000,0.038,19.211,0.000,31.294,26.000,2.000,2026.000,9.000,56.000,2.000
37.000,-0.799,1017.791,16.780,1.223,-1.341,NaN,NaN,0.000,0.000,0.000,0.000,0.004,0.005,0.000,0.000,0.000,0.044,19.363,0.000,32.312,0.000,128.125,0.000,0.038,19.195,0.000,31.294,26.000,2.000,2026.000,9.000,56.000,2.000
37.000,-0.819,1017.792,16.780,1.223,-1.387,NaN,NaN,0.000,0.000,0.000,0.000,0.004,0.005,0.000,0.000,0.000,0.027,19.353,0.000,32.312,0.000,128.000,0.000,0.038,19.204,0.000,31.294,26.000,2.000,2026.000,9.000,56.000,3.000
37.000,-0.835,1017.792,16.780,1.223,-1.424,NaN,NaN,0.000,0.000,0.000,0.000,0.004,0.005,0.000,0.000,0.000,0.044,19.349,0.000,32.312,0.000,128.000,0.000,0.054,19.211,0.000,31.297,26.000,2.000,2026.000,9.000,56.000,3.000
37.000,-0.869,1017.790,16.780,1.223,-1.503,NaN,NaN,0.000,0.000,0.000,0.000,0.004,0.005,0.000,0.000,0.000,0.038,19.355,0.000,32.312,0.000,128.000,0.000,0.038,19.209,0.000,31.294,26.000,2.000,2026.000,9.000,56.000,4.000
37.000,-0.885,1017.790,16.780,1.223,-1.540,NaN,NaN,0.000,0.000,0.000,0.000,0.004,0.005,0.000,0.000,0.000,0.038,19.358,0.000,32.312,0.000,128.000,0.000,0.038,19.200,0.000,31.297,26.000,2.000,2026.000,9.000,56.000,4.000
37.000,-0.900,1017.792,16.780,1.223,-1.575,NaN,NaN,0.000,0.000,0.000,0.000,0.004,0.005,0.000,0.000,0.000,0.033,19.368,0.000,32.312,0.000,128.000,0.000,0.054,19.220,0.000,31.294,26.000,2.000,2026.000,9.000,56.000,5.000
37.000,-0.913,1017.790,16.780,1.223,-1.605,NaN,NaN,0.000,0.000,0.000,0.000,0.004,0.005,0.000,0.000,0.000,0.060,19.363,0.000,32.312,0.000,128.000,0.000,0.054,19.179,0.000,31.294,26.000,2.000,2026.000,9.000,56.000,5.000
37.000,-0.939,1017.792,16.780,1.223,-1.666,NaN,NaN,0.000,0.000,0.000,0.000,0.004,0.005,0.000,0.000,0.000,0.038,19.360,0.000,32.312,0.000,128.000,0.000,0.049,19.198,0.000,31.294,26.000,2.000,2026.000,9.000,56.000,6.000
37.000,-0.956,1017.790,16.780,1.223,-1.705,NaN,NaN,0.000,0.000,0.000,0.000,0.004,0.005,0.000,0.000,0.000,0.065,19.360,0.000,32.312,0.000,128.000,0.000,0.044,19.206,0.000,31.297,26.000,2.000,2026.000,9.000,56.000,6.000
37.000,-0.976,1017.789,16.780,1.223,-1.752,NaN,NaN,0.000,0.000,0.000,0.000,0.004,0.005,0.000,0.000,0.000,0.060,19.336,0.000,32.312,0.000,128.000,0.000,0.038,19.212,0.000,31.294,26.000,2.000,2026.000,9.000,56.000,7.000
37.000,-0.994,1017.790,16.780,1.223,-1.794,NaN,NaN,0.000,0.000,0.000,0.000,0.004,0.005,0.000,0.000,0.000,0.022,19.364,0.000,32.312,0.000,127.986,0.000,0.038,19.201,0.029,31.294,26.000,2.000,2026.000,9.000,56.000,7.000
37.000,-1.003,1017.790,16.780,1.223,-1.815,NaN,NaN,0.000,0.000,0.000,0.000,0.004,0.005,0.000,0.000,0.000,0.054,19.356,0.000,32.312,0.004,127.214,0.004,0.054,19.209,0.184,31.294,26.000,2.000,2026.000,9.000,56.000,8.000
37.000,-1.026,1017.791,16.780,1.223,-1.868,NaN,NaN,0.000,0.000,0.000,0.000,0.004,0.005,0.000,0.000,0.000,0.049,19.360,0.000,32.312,0.007,126.750,0.000,0.038,19.196,0.000,31.294,26.000,2.000,2026.000,9.000,56.000,8.000
37.000,-1.044,1017.791,16.780,1.223,-1.910,NaN,NaN,0.000,0.000,0.000,0.000,0.004,0.005,0.000,0.000,0.000,0.038,19.364,0.000,32.309,0.007,126.755,0.000,0.027,19.213,0.022,31.294,26.000,2.000,2026.000,9.000,56.000,9.000
37.000,-1.057,1017.790,16.780,1.223,-1.940,NaN,NaN,0.000,0.000,0.000,0.000,0.004,0.005,0.000,0.000,0.000,0.033,19.360,0.000,32.312,0.007,126.875,0.000,0.049,19.181,0.000,31.294,26.000,2.000,2026.000,9.000,56.000,9.000
37.000,-1.074,1017.791,16.780,1.223,-1.979,NaN,NaN,0.000,0.000,0.000,0.000,0.004,0.005,0.000,0.000,0.000,0.065,19.378,0.000,32.312,0.007,126.875,0.000,0.038,19.196,0.000,31.294,26.000,2.000,2026.000,9.000,56.000,10.000
37.000,-1.087,1017.791,16.780,1.223,-2.010,NaN,NaN,0.000,0.000,0.000,0.000,0.004,0.005,0.000,0.000,0.000,0.038,19.360,0.000,32.312,0.007,126.875,0.000,0.038,19.218,0.000,31.294,26.000,2.000,2026.000,9.000,56.000,10.000
37.000,-1.095,1017.791,16.780,1.223,-2.028,NaN,NaN,0.000,0.000,0.000,0.000,0.004,0.005,0.000,0.000,0.000,0.022,19.361,0.000,32.312,0.007,126.976,0.000,0.027,19.210,0.044,31.294,26.000,2.000,2026.000,9.000,56.000,11.000
37.000,-1.108,1017.790,16.780,1.223,-2.058,NaN,NaN,0.000,0.000,0.000,0.000,0.004,0.005,0.004,0.000,0.000,0.033,19.376,0.000,32.312,0.007,126.875,0.000,0.044,19.191,0.000,31.297,26.000,2.000,2026.000,9.000,56.000,11.000
37.000,-1.116,1017.787,16.780,1.223,-2.077,NaN,NaN,0.000,0.000,0.000,0.000,0.004,0.005,0.004,0.000,0.000,0.044,19.381,0.000,32.312,0.007,126.875,0.000,0.044,19.218,0.000,31.294,26.000,2.000,2026.000,9.000,56.000,12.000
37.000,-1.132,1017.788,16.780,1.223,-2.114,NaN,NaN,0.000,0.000,0.000,0.000,0.004,0.005,0.004,0.000,0.000,0.049,19.376,0.000,32.312,0.007,126.875,0.000,0.033,19.189,0.000,31.294,26.000,2.000,2026.000,9.000,56.000,12.000
37.000,-1.147,1017.788,16.780,1.223,-2.149,NaN,NaN,0.000,0.000,0.000,0.000,0.004,0.005,0.004,0.000,0.000,0.049,19.365,0.000,32.309,0.007,126.875,0.000,0.033,19.205,0.000,31.294,26.000,2.000,2026.000,9.000,56.000,13.000
37.000,-1.158,1017.786,16.780,1.223,-2.175,NaN,NaN,0.000,0.000,0.000,0.000,0.004,0.005,0.004,0.000,0.000,0.038,19.350,0.000,32.309,0.007,126.875,0.000,0.044,19.208,0.000,31.294,26.000,2.000,2026.000,9.000,56.000,13.000
37.000,-1.170,1017.785,16.780,1.223,-2.202,NaN,NaN,0.000,0.000,0.000,0.000,0.004,0.005,0.004,0.000,0.000,0.038,19.367,0.000,32.309,0.007,126.875,0.000,0.038,19.195,0.000,31.294,26.000,2.000,2026.000,9.000,56.000,14.000
37.000,-1.180,1017.786,16.780,1.223,-2.226,NaN,NaN,0.000,0.000,0.000,0.000,0.004,0.005,0.004,0.000,0.000,0.044,19.377,0.000,32.312,0.007,126.875,0.000,0.038,19.197,0.000,31.294,26.000,2.000,2026.000,9.000,56.000,14.000
37.000,-1.189,1017.786,16.780,1.223,-2.247,NaN,NaN,0.000,0.000,0.000,0.000,0.004,0.005,0.004,0.000,0.000,0.038,19.378,0.000,32.312,0.007,126.875,0.000,0.022,19.195,0.000,31.294,26.000,2.000,2026.000,9.000,56.000,15.000
37.000,-1.197,1017.785,16.780,1.223,-2.265,NaN,NaN,0.000,0.000,0.000,0.000,0.004,0.005,0.004,0.000,0.000,0.033,19.386,0.000,32.309,0.007,126.875,0.000,0.038,19.186,0.000,31.294,26.000,2.000,2026.000,9.000,56.000,15.000
37.000,-1.209,1017.785,16.780,1.223,-2.293,NaN,NaN,0.000,0.000,0.000,0.000,0.004,0.005,0.004,0.000,0.000,0.060,19.371,0.000,32.312,0.007,126.875,0.000,0.044,19.200,0.000,31.294,26.000,2.000,2026.000,9.000,56.000,16.000
37.000,-1.211,1017.784,16.780,1.223,-2.298,NaN,NaN,0.000,0.000,0.000,0.000,0.004,0.005,0.004,0.000,0.000,0.060,19.374,0.000,32.312,0.007,126.875,0.000,0.044,19.185,0.000,31.294,26.000,2.000,2026.000,9.000,56.000,16.000
37.000,-1.233,1017.782,16.780,1.223,-2.349,NaN,NaN,0.000,0.000,0.000,0.000,0.004,0.005,0.004,0.000,0.000,0.049,19.347,0.000,32.312,0.007,127.000,0.000,0.038,19.200,0.000,31.294,26.000,2.000,2026.000,9.000,56.000,17.000
37.000,-1.236,1017.782,16.780,1.223,-2.356,NaN,NaN,0.000,0.000,0.000,0.000,0.004,0.005,0.004,0.000,0.000,0.044,19.356,0.000,32.312,0.007,127.000,0.000,0.038,19.196,0.000,31.294,26.000,2.000,2026.000,9.000,56.000,17.000
37.000,-1.246,1017.781,16.780,1.223,-2.379,NaN,NaN,0.000,0.000,0.000,0.000,0.004,0.005,0.004,0.000,0.000,0.044,19.373,0.000,32.309,0.007,127.000,0.000,0.038,19.209,0.000,31.294,26.000,2.000,2026.000,9.000,56.000,18.000
37.000,-1.252,1017.779,16.780,1.223,-2.393,NaN,NaN,0.000,0.000,0.000,0.000,0.004,0.005,0.004,0.000,0.000,0.049,19.368,0.000,32.312,0.007,127.000,0.000,0.044,19.200,0.000,31.294,26.000,2.000,2026.000,9.000,56.000,18.000
37.000,-1.264,1017.778,16.780,1.223,-2.421,NaN,NaN,0.000,0.000,0.000,0.000,0.004,0.005,0.004,0.000,0.000,0.054,19.397,0.000,32.312,0.007,127.000,0.000,0.044,19.207,0.000,31.294,26.000,2.000,2026.000,9.000,56.000,19.000
37.000,-1.264,1017.778,16.800,1.223,-2.421,NaN,NaN,0.000,0.000,0.000,0.000,0.004,0.005,0.004,0.000,0.000,0.033,19.378,0.000,32.312,0.007,127.000,0.000,0.033,19.211,0.000,31.294,26.000,2.000,2026.000,9.000,56.000,19.000
37.000,-1.266,1017.779,16.780,1.223,-2.426,NaN,NaN,0.000,0.000,0.000,0.000,0.004,0.005,0.004,0.000,0.000,0.054,19.380,0.000,32.312,0.007,127.000,0.000,0.049,19.186,0.000,31.294,26.000,2.000,2026.000,9.000,56.000,20.000
37.000,-1.269,1017.778,16.780,1.223,-2.432,NaN,NaN,0.000,0.000,0.000,0.000,0.004,0.005,0.004,0.000,0.000,0.027,19.381,0.000,32.312,0.007,127.000,0.000,0.038,19.198,0.000,31.294,26.000,2.000,2026.000,9.000,56.000,20.000
37.000,-1.282,1017.777,16.800,1.223,-2.463,NaN,NaN,0.000,0.000,0.000,0.000,0.004,0.005,0.004,0.000,0.000,0.027,19.384,0.000,32.312,0.007,127.000,0.000,0.049,19.204,0.000,31.294,26.000,2.000,2026.000,9.000,56.000,21.000
37.000,-1.290,1017.774,16.800,1.223,-2.481,NaN,NaN,0.000,0.000,0.000,0.000,0.004,0.005,0.004,0.000,0.000,0.054,19.391,0.000,32.312,0.007,127.000,0.000,0.033,19.202,0.000,31.294,26.000,2.000,2026.000,9.000,56.000,21.000
37.000,-1.295,1017.774,16.780,1.223,-2.493,NaN,NaN,0.000,0.000,0.000,0.000,0.004,0.005,0.004,0.000,0.000,0.044,19.373,0.000,32.309,0.007,127.000,0.000,0.049,19.204,0.000,31.294,26.000,2.000,2026.000,9.000,56.000,22.000
37.000,-1.301,1017.776,16.780,1.223,-2.507,NaN,NaN,0.000,0.000,0.000,0.000,0.004,0.005,0.004,0.000,0.000,0.049,19.394,0.000,32.309,0.007,127.000,0.000,0.044,19.192,0.000,31.294,26.000,2.000,2026.000,9.000,56.000,22.000
37.000,-1.308,1017.773,16.800,1.223,-2.523,NaN,NaN,0.000,0.000,0.000,0.000,0.004,0.005,0.004,0.000,0.000,0.049,19.377,0.000,32.312,0.007,127.000,0.000,0.033,19.205,0.000,31.290,26.000,2.000,2026.000,9.000,56.000,23.000
37.000,-1.314,1017.774,16.800,1.223,-2.537,NaN,NaN,0.000,0.000,0.000,0.000,0.004,0.005,0.004,0.000,0.000,0.044,19.373,0.000,32.312,0.000,127.000,0.000,0.054,19.200,0.000,31.294,26.000,2.000,2026.000,9.000,56.000,23.000
37.000,-1.313,1017.775,16.780,1.223,-2.535,NaN,NaN,0.000,0.000,0.000,0.000,0.004,0.005,0.004,0.000,0.000,0.033,19.380,0.000,32.312,0.000,127.000,0.000,0.044,19.185,0.000,31.294,26.000,2.000,2026.000,9.000,56.000,24.000
37.000,-1.313,1017.773,16.800,1.223,-2.535,NaN,NaN,0.000,0.000,0.000,0.000,0.004,0.005,0.004,0.000,0.000,0.044,19.392,0.000,32.312,0.000,127.000,0.000,0.049,19.197,0.000,31.297,26.000,2.000,2026.000,9.000,56.000,24.000
37.000,-1.312,1017.776,16.800,1.223,-2.532,NaN,NaN,0.000,0.000,0.000,0.000,0.004,0.005,0.004,0.000,0.000,0.049,19.375,0.000,32.312,0.000,127.000,0.000,0.049,19.186,0.000,31.294,26.000,2.000,2026.000,9.000,56.000,25.000
37.000,-1.322,1017.773,16.800,1.223,-2.556,NaN,NaN,0.000,0.000,0.000,0.000,0.004,0.005,0.004,0.000,0.000,0.038,19.382,0.000,32.312,0.000,127.000,0.000,0.044,19.186,0.000,31.297,26.000,2.000,2026.000,9.000,56.000,25.000
37.000,-1.334,1017.774,16.800,1.223,-2.583,NaN,NaN,0.000,0.000,0.000,0.000,0.004,0.005,0.004,0.000,0.000,0.027,19.381,0.000,32.312,0.000,127.125,0.000,0.049,19.198,0.000,31.294,26.000,2.000,2026.000,9.000,56.000,26.000
37.000,-1.344,1017.775,16.800,1.223,-2.607,NaN,NaN,0.000,0.000,0.000,0.000,0.004,0.005,0.000,0.000,0.000,0.044,19.388,0.000,32.312,0.000,127.125,0.000,0.038,19.191,0.000,31.294,26.000,2.000,2026.000,9.000,56.000,26.000
37.000,-1.350,1017.773,16.800,1.223,-2.621,NaN,NaN,0.000,0.000,0.000,0.000,0.004,0.005,0.000,0.000,0.000,0.044,19.381,0.000,32.312,0.000,127.125,0.000,0.027,19.201,0.000,31.294,26.000,2.000,2026.000,9.000,56.000,27.000
37.000,-1.355,1017.770,16.800,1.223,-2.632,NaN,NaN,0.000,0.000,0.000,0.000,0.004,0.005,0.000,0.000,0.000,0.049,19.389,0.000,32.312,0.000,127.125,0.000,0.027,19.186,0.000,31.294,26.000,2.000,2026.000,9.000,56.000,27.000
37.000,-1.358,1017.772,16.800,1.223,-2.639,NaN,NaN,0.000,0.000,0.000,0.000,0.004,0.005,0.000,0.000,0.000,0.044,19.370,0.000,32.312,0.000,127.125,0.000,0.044,19.192,0.000,31.294,26.000,2.000,2026.000,9.000,56.000,28.000
37.000,-1.376,1017.773,16.800,1.223,-2.681,NaN,NaN,0.000,0.000,0.000,0.000,0.004,0.005,0.000,0.000,0.000,0.027,19.382,0.000,32.312,0.000,127.125,0.000,0.038,19.174,0.000,31.294,26.000,2.000,2026.000,9.000,56.000,28.000
37.000,-1.387,1017.772,16.800,1.223,-2.707,NaN,NaN,0.000,0.000,0.000,0.000,0.004,0.005,0.000,0.000,0.000,0.044,19.372,0.000,32.312,0.000,127.125,0.000,0.038,19.210,0.000,31.294,26.000,2.000,2026.000,9.000,56.000,29.000
37.000,-1.395,1017.774,16.800,1.223,-2.725,NaN,NaN,0.000,0.000,0.000,0.000,0.004,0.005,0.000,0.000,0.000,0.027,19.399,0.000,32.312,0.000,127.125,0.000,0.049,19.191,0.000,31.294,26.000,2.000,2026.000,9.000,56.000,29.000
37.000,-1.388,1017.775,16.800,1.223,-2.709,NaN,NaN,0.000,0.000,0.000,0.000,0.004,0.005,0.000,0.000,0.000,0.060,19.375,0.000,32.312,0.000,127.125,0.000,0.033,19.184,0.000,31.294,26.000,2.000,2026.000,9.000,56.000,30.000
37.000,-1.381,1017.774,16.800,1.223,-2.693,NaN,NaN,0.000,0.000,0.000,0.000,0.004,0.005,0.000,0.000,0.000,0.038,19.396,0.000,32.312,0.000,127.125,0.000,0.038,19.185,0.000,31.294,26.000,2.000,2026.000,9.000,56.000,30.000
37.000,-1.380,1017.774,16.800,1.223,-2.690,NaN,NaN,0.000,0.000,0.000,0.000,0.004,0.005,0.000,0.000,0.000,0.049,19.413,0.000,32.309,0.000,127.125,0.000,0.038,19.178,0.000,31.294,26.000,2.000,2026.000,9.000,56.000,31.000
37.000,-1.378,1017.773,16.800,1.223,-2.686,NaN,NaN,0.000,0.000,0.000,0.000,0.004,0.005,0.000,0.000,0.000,0.033,19.373,0.000,32.312,0.000,127.125,0.000,0.033,19.202,0.000,31.294,26.000,2.000,2026.000,9.000,56.000,31.000
37.000,-1.380,1017.770,16.800,1.223,-2.690,NaN,NaN,0.000,0.000,0.000,0.000,0.004,0.005,0.000,0.000,0.000,0.049,19.385,0.000,32.312,0.000,127.125,0.000,0.038,19.186,0.000,31.294,26.000,2.000,2026.000,9.000,56.000,32.000
37.000,-1.398,1017.769,16.800,1.223,-2.732,NaN,NaN,0.000,0.000,0.000,0.000,0.004,0.005,0.000,0.000,0.000,0.038,19.400,0.000,32.312,0.000,127.125,0.000,0.049,19.185,0.000,31.294,26.000,2.000,2026.000,9.000,56.000,32.000
37.000,-1.397,1017.768,16.800,1.223,-2.730,NaN,NaN,0.000,0.000,0.000,0.000,0.004,0.005,0.000,0.000,0.000,0.049,19.419,0.000,32.312,0.000,127.125,0.000,0.044,19.192,0.000,31.294,26.000,2.000,2026.000,9.000,56.000,33.000
37.000,-1.413,1017.767,16.800,1.223,-2.767,NaN,NaN,0.000,0.000,0.000,0.000,0.004,0.005,0.000,0.000,0.000,0.038,19.397,0.000,32.309,0.000,127.125,0.000,0.054,19.191,0.000,31.294,26.000,2.000,2026.000,9.000,56.000,33.000
37.000,-1.424,1017.771,16.800,1.223,-2.793,NaN,NaN,0.000,0.000,0.000,0.000,0.004,0.005,0.000,0.000,0.000,0.038,19.397,0.000,32.312,0.000,127.125,0.000,0.038,19.191,0.000,31.294,26.000,2.000,2026.000,9.000,56.000,34.000
37.000,-1.416,1017.769,16.800,1.223,-2.774,NaN,NaN,0.000,0.000,0.000,0.000,0.004,0.005,0.000,0.000,0.000,0.054,19.386,0.000,32.312,0.000,127.125,0.000,0.044,19.197,0.000,31.294,26.000,2.000,2026.000,9.000,56.000,34.000
37.000,-1.415,1017.769,16.800,1.223,-2.772,NaN,NaN,0.000,0.000,0.000,0.000,0.004,0.005,0.000,0.000,0.000,0.033,19.392,0.000,32.312,0.000,127.125,0.000,0.060,19.174,0.000,31.294,26.000,2.000,2026.000,9.000,56.000,35.000
37.000,-1.417,1017.771,16.800,1.223,-2.776,NaN,NaN,0.000,0.000,0.000,0.000,0.004,0.005,0.000,0.000,0.000,0.049,19.392,0.000,32.312,0.000,127.125,0.000,0.038,19.197,0.000,31.294,26.000,2.000,2026.000,9.000,56.000,35.000
37.000,-1.426,1017.771,16.800,1.223,-2.797,NaN,NaN,0.000,0.000,0.000,0.000,0.004,0.005,0.000,0.000,0.000,0.044,19.392,0.000,32.312,0.000,127.125,0.000,0.049,19.184,0.000,31.294,26.000,2.000,2026.000,9.000,56.000,36.000
37.000,-1.427,1017.772,16.800,1.223,-2.800,NaN,NaN,0.000,0.000,0.000,0.000,0.004,0.005,0.000,0.000,0.000,0.049,19.401,0.000,32.312,0.000,127.125,0.000,0.044,19.191,0.000,31.290,26.000,2.000,2026.000,9.000,56.000,36.000
37.000,-1.410,1017.778,16.800,1.223,-2.760,NaN,NaN,0.000,0.000,0.000,0.000,0.004,0.005,0.000,0.000,0.000,0.054,19.393,0.000,32.309,0.000,127.125,0.000,0.038,19.188,0.000,31.294,26.000,2.000,2026.000,9.000,56.000,37.000
37.000,-1.401,1017.772,16.800,1.223,-2.739,NaN,NaN,0.000,0.000,0.000,0.000,0.004,0.005,0.000,0.000,0.000,0.038,19.389,0.000,32.312,0.000,127.125,0.000,0.044,19.161,0.000,31.294,26.000,2.000,2026.000,9.000,56.000,37.000
37.000,-1.433,1017.769,16.800,1.223,-2.813,NaN,NaN,0.000,0.000,0.000,0.000,0.004,0.005,0.000,0.000,0.000,0.054,19.381,0.000,32.312,0.000,127.125,0.000,0.038,19.185,0.000,31.294,26.000,2.000,2026.000,9.000,56.000,38.000
37.000,-1.420,1017.770,16.800,1.223,-2.783,NaN,NaN,0.000,0.000,0.000,0.000,0.004,0.005,0.000,0.000,0.000,0.022,19.391,0.000,32.312,0.000,127.125,0.000,0.033,19.186,0.000,31.294,26.000,2.000,2026.000,9.000,56.000,38.000
37.000,-1.428,1017.769,16.800,1.223,-2.802,NaN,NaN,0.000,0.000,0.000,0.000,0.004,0.005,0.000,0.000,0.000,0.054,19.385,0.000,32.312,0.000,127.125,0.000,0.044,19.177,0.000,31.294,26.000,2.000,2026.000,9.000,56.000,39.000
37.000,-1.433,1017.769,16.800,1.223,-2.813,NaN,NaN,0.000,0.000,0.000,0.000,0.004,0.005,0.000,0.000,0.000,0.054,19.415,0.000,32.312,0.000,127.125,0.000,0.044,19.189,0.000,31.294,26.000,2.000,2026.000,9.000,56.000,39.000
37.000,-1.436,1017.769,16.800,1.223,-2.820,NaN,NaN,0.000,0.000,0.000,0.000,0.004,0.005,0.000,0.000,0.000,0.060,19.397,0.000,32.312,0.000,127.125,0.000,0.033,19.181,0.000,31.294,26.000,2.000,2026.000,9.000,56.000,40.000
37.000,-1.432,1017.771,16.800,1.223,-2.811,NaN,NaN,0.000,0.000,0.000,0.000,0.004,0.005,0.000,0.000,0.000,0.038,19.415,0.000,32.309,0.000,127.125,0.000,0.044,19.187,0.000,31.294,26.000,2.000,2026.000,9.000,56.000,40.000
37.000,-1.434,1017.771,16.800,1.223,-2.816,NaN,NaN,0.000,0.000,0.000,0.000,0.004,0.005,0.000,0.000,0.000,0.027,19.416,0.000,32.312,0.000,127.125,0.000,0.038,19.178,0.000,31.294,26.000,2.000,2026.000,9.000,56.000,41.000
37.000,-1.433,1017.767,16.800,1.223,-2.813,NaN,NaN,0.000,0.000,0.000,0.000,0.004,0.005,0.000,0.000,0.000,0.033,19.384,0.000,32.312,0.000,127.125,0.000,0.049,19.190,0.000,31.294,26.000,2.000,2026.000,9.000,56.000,41.000
37.000,-1.435,1017.765,16.800,1.223,-2.818,NaN,NaN,0.000,0.000,0.000,0.000,0.004,0.005,0.000,0.000,0.000,0.044,19.393,0.000,32.312,0.000,127.125,0.000,0.049,19.171,0.000,31.290,26.000,2.000,2026.000,9.000,56.000,42.000
37.000,-1.431,1017.765,16.800,1.223,-2.809,NaN,NaN,0.000,0.000,0.000,0.000,0.004,0.005,0.000,0.000,0.000,0.049,19.412,0.000,32.312,0.000,127.125,0.000,0.038,19.205,0.000,31.294,26.000,2.000,2026.000,9.000,56.000,42.000
37.000,-1.425,1017.766,16.800,1.223,-2.795,NaN,NaN,0.000,0.000,0.000,0.000,0.004,0.005,0.000,0.000,0.000,0.038,19.395,0.000,32.312,0.000,127.125,0.000,0.027,19.200,0.000,31.294,26.000,2.000,2026.000,9.000,56.000,43.000
37.000,-1.429,1017.765,16.800,1.223,-2.804,NaN,NaN,0.000,0.000,0.000,0.000,0.004,0.005,0.000,0.000,0.000,0.049,19.398,0.000,32.312,0.000,127.125,0.000,0.049,19.179,0.000,31.294,26.000,2.000,2026.000,9.000,56.000,43.000
37.000,-1.439,1017.765,16.800,1.223,-2.827,NaN,NaN,0.000,0.000,0.000,0.000,0.004,0.005,0.000,0.000,0.000,0.044,19.392,0.000,32.312,0.000,127.104,0.000,0.049,19.175,0.037,31.294,26.000,2.000,2026.000,9.000,56.000,44.000
37.000,-1.443,1017.761,16.800,1.223,-2.837,NaN,NaN,0.000,0.000,0.000,0.000,0.004,0.005,0.000,0.000,0.000,0.033,19.417,0.000,32.309,0.000,127.000,0.000,0.027,19.182,0.000,31.294,26.000,2.000,2026.000,9.000,56.000,44.000
37.000,-1.461,1017.769,16.800,1.223,-2.878,NaN,NaN,0.000,0.000,0.000,0.000,0.004,0.005,0.000,0.000,0.000,0.054,19.402,0.000,32.312,0.000,127.000,0.000,0.049,19.178,0.000,31.294,26.000,2.000,2026.000,9.000,56.000,45.000
37.000,-1.405,1017.774,16.800,1.223,-2.748,NaN,NaN,0.000,0.000,0.000,0.000,0.004,0.005,0.000,0.000,0.000,0.054,19.391,0.000,32.312,0.000,127.000,0.000,0.038,19.189,0.000,31.294,26.000,2.000,2026.000,9.000,56.000,45.000
37.000,-1.415,1017.771,16.800,1.223,-2.772,NaN,NaN,0.000,0.000,0.000,0.000,0.004,0.005,0.000,0.000,0.000,0.033,19.395,0.000,32.312,0.000,127.000,0.000,0.044,19.171,0.000,31.294,26.000,2.000,2026.000,9.000,56.000,46.000
37.000,-1.435,1017.772,16.800,1.223,-2.818,NaN,NaN,0.000,0.000,0.000,0.000,0.004,0.005,0.000,0.000,0.000,0.033,19.400,0.000,32.312,0.000,127.000,0.000,0.049,19.178,0.000,31.294,26.000,2.000,2026.000,9.000,56.000,46.000
37.000,-1.447,1017.772,16.800,1.223,-2.846,NaN,NaN,0.000,0.000,0.000,0.000,0.004,0.005,0.000,0.000,0.000,0.038,19.410,0.000,32.312,0.000,127.000,0.000,0.038,19.191,0.000,31.290,26.000,2.000,2026.000,9.000,56.000,47.000
37.000,-1.443,1017.772,16.800,1.223,-2.837,NaN,NaN,0.000,0.000,0.000,0.000,0.004,0.005,0.000,0.000,0.000,0.038,19.402,0.000,32.312,0.000,127.000,0.000,0.049,19.186,0.000,31.294,26.000,2.000,2026.000,9.000,56.000,47.000
37.000,-1.431,1017.770,16.800,1.223,-2.809,NaN,NaN,0.000,0.000,0.000,0.000,0.004,0.005,0.000,0.000,0.000,0.054,19.397,0.000,32.312,0.000,127.000,0.000,0.038,19.165,0.000,31.294,26.000,2.000,2026.000,9.000,56.000,48.000
37.000,-1.438,1017.772,16.800,1.223,-2.825,NaN,NaN,0.000,0.000,0.000,0.000,0.004,0.005,0.000,0.000,0.000,0.054,19.394,0.000,32.312,0.000,127.000,0.000,0.044,19.181,0.000,31.294,26.000,2.000,2026.000,9.000,56.000,48.000
37.000,-1.450,1017.775,16.800,1.223,-2.853,NaN,NaN,0.000,0.000,0.000,0.000,0.004,0.005,0.000,0.000,0.000,0.033,19.414,0.000,32.312,0.000,127.000,0.000,0.038,19.194,0.000,31.294,26.000,2.000,2026.000,9.000,56.000,49.000
37.000,-1.457,1017.774,16.800,1.223,-2.869,NaN,NaN,0.000,0.000,0.000,0.000,0.004,0.005,0.000,0.000,0.000,0.022,19.415,0.000,32.312,0.000,127.000,0.000,0.038,19.199,0.000,31.294,26.000,2.000,2026.000,9.000,56.000,49.000
37.000,-1.477,1017.771,16.800,1.223,-2.916,NaN,NaN,0.000,0.000,0.000,0.000,0.004,0.005,0.000,0.000,0.000,0.060,19.398,0.000,32.312,0.000,127.000,0.000,0.049,19.186,0.000,31.294,26.000,2.000,2026.000,9.000,56.000,50.000
37.000,-1.461,1017.772,16.800,1.223,-2.878,NaN,NaN,0.000,0.000,0.000,0.000,0.004,0.005,0.000,0.000,0.000,0.027,19.399,0.000,32.312,0.000,127.000,0.000,0.038,19.214,0.000,31.294,26.000,2.000,2026.000,9.000,56.000,50.000
37.000,-1.456,1017.773,16.800,1.223,-2.867,NaN,NaN,0.000,0.000,0.000,0.000,0.004,0.005,0.000,0.000,0.000,0.060,19.396,0.000,32.312,0.000,127.000,0.000,0.033,19.190,0.000,31.294,26.000,2.000,2026.000,9.000,56.000,51.000
37.000,-1.453,1017.774,16.800,1.223,-2.860,NaN,NaN,0.000,0.000,0.000,0.000,0.004,0.005,0.000,0.000,0.000,0.044,19.378,0.000,32.312,0.000,127.000,0.000,0.044,19.187,0.000,31.294,26.000,2.000,2026.000,9.000,56.000,51.000
37.000,-1.446,1017.775,16.800,1.223,-2.844,NaN,NaN,0.000,0.000,0.000,0.000,0.004,0.005,0.000,0.000,0.000,0.038,19.405,0.000,32.312,0.000,127.000,0.000,0.033,19.206,0.000,31.294,26.000,2.000,2026.000,9.000,56.000,52.000
37.000,-1.437,1017.773,16.800,1.223,-2.823,NaN,NaN,0.000,0.000,0.000,0.000,0.004,0.005,0.000,0.000,0.000,0.054,19.426,0.000,32.309,0.000,127.000,0.000,0.033,19.198,0.000,31.294,26.000,2.000,2026.000,9.000,56.000,52.000
37.000,-1.434,1017.775,16.800,1.223,-2.816,NaN,NaN,0.000,0.000,0.000,0.000,0.004,0.005,0.000,0.000,0.000,0.044,19.409,0.000,32.312,0.000,127.000,0.000,0.038,19.193,0.000,31.294,26.000,2.000,2026.000,9.000,56.000,53.000
37.000,-1.444,1017.775,16.800,1.223,-2.839,NaN,NaN,0.000,0.000,0.000,0.000,0.004,0.005,0.000,0.000,0.000,0.049,19.411,0.000,32.312,0.000,127.000,0.000,0.033,19.176,0.000,31.294,26.000,2.000,2026.000,9.000,56.000,53.000
37.000,-1.450,1017.774,16.800,1.223,-2.853,NaN,NaN,0.000,0.000,0.000,0.000,0.004,0.005,0.000,0.000,0.000,0.054,19.416,0.000,32.312,0.000,127.000,0.000,0.044,19.170,0.000,31.294,26.000,2.000,2026.000,9.000,56.000,54.000
37.000,-1.451,1017.773,16.800,1.223,-2.855,NaN,NaN,0.000,0.000,0.000,0.000,0.004,0.005,0.000,0.000,0.000,0.060,19.434,0.000,32.312,0.000,127.000,0.000,0.044,19.186,0.000,31.294,26.000,2.000,2026.000,9.000,56.000,54.000
37.000,-1.435,1017.773,16.800,1.223,-2.818,NaN,NaN,0.000,0.000,0.000,0.000,0.004,0.005,0.000,0.000,0.000,0.033,19.403,0.000,32.312,0.000,127.000,0.000,0.033,19.182,0.000,31.294,26.000,2.000,2026.000,9.000,56.000,55.000
37.000,-1.441,1017.772,16.800,1.223,-2.832,NaN,NaN,0.000,0.000,0.000,0.000,0.004,0.005,0.000,0.000,0.000,0.049,19.412,0.000,32.309,0.000,127.000,0.000,0.049,19.189,0.000,31.294,26.000,2.000,2026.000,9.000,56.000,55.000
37.000,-1.445,1017.772,16.800,1.223,-2.841,NaN,NaN,0.000,0.000,0.000,0.000,0.004,0.005,0.000,0.000,0.000,0.054,19.401,0.000,32.312,0.000,127.000,0.000,0.033,19.190,0.000,31.294,26.000,2.000,2026.000,9.000,56.000,56.000
37.000,-1.442,1017.774,16.800,1.223,-2.834,NaN,NaN,0.000,0.000,0.000,0.000,0.004,0.005,0.000,0.000,0.000,0.044,19.394,0.000,32.309,0.000,127.000,0.000,0.027,19.200,0.000,31.294,26.000,2.000,2026.000,9.000,56.000,56.000
37.000,-1.453,1017.773,16.800,1.223,-2.860,NaN,NaN,0.000,0.000,0.000,0.000,0.004,0.005,0.000,0.000,0.000,0.033,19.407,0.000,32.309,0.000,127.000,0.000,0.049,19.155,0.000,31.294,26.000,2.000,2026.000,9.000,56.000,57.000
37.000,-1.461,1017.773,16.800,1.223,-2.878,NaN,NaN,0.000,0.000,0.000,0.000,0.004,0.005,0.000,0.000,0.000,0.022,19.427,0.000,32.312,0.000,127.125,0.000,0.038,19.184,0.000,31.294,26.000,2.000,2026.000,9.000,56.000,57.000
37.000,-1.468,1017.773,16.800,1.223,-2.895,NaN,NaN,0.000,0.000,0.000,0.000,0.004,0.005,0.000,0.000,0.000,0.049,19.420,0.000,32.312,0.000,127.125,0.000,0.038,19.168,0.000,31.294,26.000,2.000,2026.000,9.000,56.000,58.000
37.000,-1.470,1017.773,16.800,1.223,-2.899,NaN,NaN,0.000,0.000,0.000,0.000,0.004,0.005,0.000,0.000,0.000,0.049,19.405,0.000,32.312,0.000,127.125,0.000,0.033,19.190,0.000,31.294,26.000,2.000,2026.000,9.000,56.000,58.000
37.000,-1.465,1017.773,16.800,1.223,-2.888,NaN,NaN,0.000,0.000,0.000,0.000,0.004,0.005,0.000,0.000,0.000,0.060,19.421,0.000,32.312,0.000,127.125,0.000,0.033,19.178,0.000,31.294,26.000,2.000,2026.000,9.000,56.000,59.000
37.000,-1.471,1017.776,16.800,1.223,-2.902,NaN,NaN,0.000,0.000,0.000,0.000,0.004,0.005,0.000,0.000,0.000,0.044,19.421,0.000,32.312,0.000,127.125,0.000,0.044,19.162,0.000,31.294,26.000,2.000,2026.000,9.000,56.000,59.000
37.000,-1.467,1017.774,16.800,1.223,-2.892,NaN,NaN,0.000,0.000,0.000,0.000,0.004,0.005,0.000,0.000,0.000,0.054,19.428,0.000,32.312,0.000,127.125,0.000,0.033,19.186,0.000,31.294,26.000,2.000,2026.000,9.000,57.000,0.000
37.000,-1.475,1017.773,16.800,1.223,-2.911,NaN,NaN,0.000,0.000,0.000,0.000,0.004,0.005,0.000,0.000,0.000,0.054,19.423,0.000,32.312,0.000,127.125,0.000,0.044,19.170,0.000,31.294,26.000,2.000,2026.000,9.000,57.000,0.000
