34.000,417.154,1017.918,16.980,1.222,977.667,39.997,448391.101,0.000,0.000,0.000,0.000,8.000,0.005,78.733,0.000,0.011,-0.185,19.345,0.000,55.755,78.721,137.782,0.021,-0.316,19.453,0.207,54.782,26.000,2.000,2026.000,9.000,49.000,35.000
34.000,417.111,1017.919,16.980,1.222,977.565,39.995,448368.033,0.000,0.000,0.000,0.000,8.000,0.005,78.722,0.000,0.014,-0.234,19.345,0.000,55.772,78.736,134.986,0.028,-0.333,19.461,0.235,54.740,26.000,2.000,2026.000,9.000,49.000,35.000
34.000,417.112,1017.918,16.980,1.222,977.568,39.995,448368.354,0.000,0.000,0.000,0.000,8.000,0.005,78.720,0.000,0.015,-0.300,19.339,0.000,55.734,78.736,135.519,0.022,-0.365,19.452,0.175,54.719,26.000,2.000,2026.000,9.000,49.000,36.000
34.000,417.092,1017.917,16.980,1.222,977.520,39.994,448357.302,0.000,0.000,0.000,0.000,8.000,0.005,78.750,0.000,0.009,0.867,19.342,0.000,55.734,78.737,136.901,0.016,1.036,19.448,0.187,54.712,26.000,2.000,2026.000,9.000,49.000,36.000
34.000,417.087,1017.918,16.980,1.222,977.509,39.994,448354.814,0.000,0.000,0.000,0.000,8.000,0.005,78.720,0.000,0.020,0.158,19.353,0.000,55.741,78.743,140.570,0.025,-0.316,19.455,0.187,54.750,26.000,2.000,2026.000,9.000,49.000,37.000
34.000,417.020,1017.917,16.980,1.222,977.350,39.991,448318.303,0.000,0.000,0.000,0.000,8.000,0.005,78.743,0.000,0.023,0.682,19.342,0.000,55.751,78.725,141.471,0.013,0.927,19.457,0.298,54.743,26.000,2.000,2026.000,9.000,49.000,37.000
34.000,417.030,1017.918,16.980,1.222,977.374,39.991,448323.940,0.000,0.000,0.000,0.000,8.000,0.005,78.747,0.000,0.014,-0.022,19.343,0.000,55.755,78.745,140.174,0.017,0.153,19.441,0.103,54.712,26.000,2.000,2026.000,9.000,49.000,38.000
34.000,417.043,1017.917,16.980,1.222,977.405,39.992,448330.761,0.000,0.000,0.000,0.000,8.000,0.005,78.745,0.000,0.010,0.120,19.343,0.000,55.751,78.751,140.195,0.026,0.000,19.456,0.199,54.757,26.000,2.000,2026.000,9.000,49.000,38.000
34.000,416.981,1017.921,16.980,1.222,977.258,39.989,448298.059,0.000,0.000,0.000,0.000,8.000,0.005,78.730,0.000,0.021,0.115,19.340,0.000,55.723,78.739,141.967,0.017,-0.060,19.450,0.060,54.705,26.000,2.000,2026.000,9.000,49.000,39.000
34.000,416.947,1017.922,16.980,1.222,977.178,39.987,448279.861,0.000,0.000,0.000,0.000,8.000,0.005,78.733,0.000,0.024,-0.365,19.342,0.000,55.741,78.756,140.068,0.036,-0.180,19.467,0.294,54.712,26.000,2.000,2026.000,9.000,49.000,39.000
34.000,416.931,1017.919,16.980,1.222,977.140,39.987,448270.533,0.000,0.000,0.000,0.000,8.000,0.005,78.740,0.000,0.004,1.025,19.345,0.000,55.744,78.739,140.248,0.014,1.020,19.449,0.088,54.701,26.000,2.000,2026.000,9.000,49.000,40.000
34.000,416.906,1017.917,16.980,1.222,977.081,39.985,448256.549,0.000,0.000,0.000,0.000,8.000,0.005,78.735,0.000,0.015,-0.158,19.329,0.000,55.737,78.740,140.520,0.019,-0.207,19.467,0.138,54.719,26.000,2.000,2026.000,9.000,49.000,40.000
34.000,416.905,1017.918,16.980,1.222,977.079,39.985,448256.227,0.000,0.000,0.000,0.000,8.000,0.005,78.710,0.000,0.016,1.151,19.336,0.000,55.779,78.744,140.660,0.031,1.004,19.451,0.326,54.694,26.000,2.000,2026.000,9.000,49.000,41.000
34.000,416.904,1017.919,16.980,1.222,977.076,39.985,448255.906,0.000,0.000,0.000,0.000,8.000,0.005,78.749,0.000,0.013,-0.076,19.339,0.000,55.744,78.719,140.870,0.015,-0.333,19.460,0.349,54.775,26.000,2.000,2026.000,9.000,49.000,41.000
34.000,416.985,1017.917,16.980,1.222,977.268,39.989,448299.344,0.000,0.000,0.000,0.000,8.000,0.005,78.746,0.000,0.012,0.534,19.341,0.000,55.769,78.733,140.885,0.025,0.709,19.463,0.191,54.722,26.000,2.000,2026.000,9.000,49.000,42.000
34.000,416.990,1017.919,16.980,1.222,977.280,39.989,448302.493,0.000,0.000,0.000,0.000,8.000,0.005,78.750,0.000,0.015,0.333,19.336,0.000,55.727,78.743,139.585,0.012,0.185,19.450,0.114,54.740,26.000,2.000,2026.000,9.000,49.000,42.000
34.000,417.041,1017.918,16.980,1.222,977.400,39.992,448329.898,0.000,0.000,0.000,0.000,8.000,0.005,78.749,0.000,0.014,0.120,19.351,0.000,55.737,78.736,138.997,0.016,0.349,19.446,0.178,54.726,26.000,2.000,2026.000,9.000,49.000,43.000
34.000,417.134,1017.919,16.980,1.222,977.620,39.996,448380.490,0.000,0.000,0.000,0.000,8.000,0.005,78.750,0.000,0.006,0.256,19.317,0.000,55.734,78.749,138.542,0.008,0.136,19.454,0.027,54.698,26.000,2.000,2026.000,9.000,49.000,43.000
34.000,417.113,1017.921,16.980,1.222,977.570,39.995,448369.557,0.000,0.000,0.000,0.000,8.000,0.005,78.746,0.000,0.013,-0.382,19.332,0.000,55.727,78.748,136.945,0.025,-0.104,19.456,0.142,54.691,26.000,2.000,2026.000,9.000,49.000,44.000
34.000,417.043,1017.919,16.980,1.222,977.405,39.992,448331.202,0.000,0.000,0.000,0.000,8.000,0.005,78.749,0.000,0.013,0.087,19.325,0.000,55.779,78.738,136.278,0.010,-0.382,19.456,0.147,54.747,26.000,2.000,2026.000,9.000,49.000,44.000
34.000,416.987,1017.921,16.980,1.222,977.272,39.989,448301.309,0.000,0.000,0.000,0.000,8.000,0.005,78.757,0.000,0.017,-0.458,19.307,0.000,55.709,78.734,135.838,0.021,-0.180,19.435,0.364,54.722,26.000,2.000,2026.000,9.000,49.000,45.000
34.000,417.032,1017.918,16.980,1.222,977.379,39.991,448325.023,0.000,0.000,0.000,0.000,8.000,0.005,78.733,0.000,0.018,0.982,19.346,0.000,55.723,78.741,137.243,0.025,0.894,19.450,0.208,54.733,26.000,2.000,2026.000,9.000,49.000,45.000
34.000,417.040,1017.919,16.980,1.222,977.398,39.992,448329.577,0.000,0.000,0.000,0.000,8.000,0.005,78.744,0.000,0.016,-0.185,19.342,0.000,55.720,78.742,135.045,0.008,-0.207,19.469,0.053,54.719,26.000,2.000,2026.000,9.000,49.000,46.000
34.000,417.039,1017.918,16.980,1.222,977.395,39.992,448328.815,0.000,0.000,0.000,0.000,8.000,0.005,78.729,0.000,0.015,0.987,19.340,0.000,55.748,78.742,135.237,0.017,0.949,19.459,0.228,54.719,26.000,2.000,2026.000,9.000,49.000,46.000
34.000,417.026,1017.918,16.980,1.222,977.365,39.991,448321.773,0.000,0.000,0.000,0.000,8.000,0.005,78.741,0.000,0.007,-0.409,19.336,0.000,55.744,78.724,135.760,0.023,-0.354,19.455,0.248,54.761,26.000,2.000,2026.000,9.000,49.000,47.000
34.000,417.031,1017.918,16.980,1.222,977.376,39.991,448324.482,0.000,0.000,0.000,0.000,8.000,0.005,78.741,0.000,0.016,0.944,19.354,0.000,55.737,78.738,137.429,0.015,0.802,19.454,0.071,54.740,26.000,2.000,2026.000,9.000,49.000,47.000
34.000,417.022,1017.919,16.980,1.222,977.355,39.991,448319.827,0.000,0.000,0.000,0.000,8.000,0.005,78.754,0.000,0.025,0.169,19.342,0.000,55.776,78.742,134.773,0.017,-0.044,19.436,0.164,54.708,26.000,2.000,2026.000,9.000,49.000,48.000
34.000,416.953,1017.916,16.980,1.222,977.192,39.988,448281.790,0.000,0.000,0.000,0.000,8.000,0.005,78.733,0.000,0.015,0.878,19.346,0.000,55.741,78.734,136.718,0.015,1.063,19.449,0.102,54.736,26.000,2.000,2026.000,9.000,49.000,48.000
34.000,416.950,1017.915,16.980,1.222,977.185,39.988,448279.945,0.000,0.000,0.000,0.000,8.000,0.005,78.745,0.000,0.015,-0.474,19.330,0.000,55.713,78.726,137.867,0.025,-0.447,19.441,0.215,54.715,26.000,2.000,2026.000,9.000,49.000,49.000
34.000,416.991,1017.916,16.980,1.222,977.282,39.990,448302.374,0.000,0.000,0.000,0.000,8.000,0.005,78.747,0.000,0.020,0.071,19.341,0.000,55.720,78.741,135.871,0.016,0.627,19.438,0.218,54.743,26.000,2.000,2026.000,9.000,49.000,49.000
34.000,417.001,1017.915,16.980,1.222,977.305,39.990,448307.571,0.000,0.000,0.000,0.000,8.000,0.005,78.741,0.000,0.032,0.174,19.331,0.000,55.734,78.750,136.520,0.031,0.120,19.465,0.249,54.754,26.000,2.000,2026.000,9.000,49.000,50.000
34.000,416.994,1017.912,16.980,1.222,977.289,39.990,448303.119,0.000,0.000,0.000,0.000,8.000,0.005,78.721,0.000,0.010,0.240,19.351,0.000,55.755,78.740,136.988,0.021,0.229,19.455,0.152,54.684,26.000,2.000,2026.000,9.000,49.000,50.000
34.000,417.012,1017.912,16.980,1.222,977.331,39.991,448312.869,0.000,0.000,0.000,0.000,8.000,0.005,78.734,0.000,0.022,0.714,19.330,0.000,55.727,78.763,138.700,0.011,0.867,19.455,0.402,54.687,26.000,2.000,2026.000,9.000,49.000,51.000
34.000,417.029,1017.912,16.980,1.222,977.372,39.991,448322.077,0.000,0.000,0.000,0.000,8.000,0.005,78.748,0.000,0.013,0.142,19.325,0.000,55.730,78.740,139.890,0.028,0.027,19.454,0.220,54.708,26.000,2.000,2026.000,9.000,49.000,51.000
34.000,417.004,1017.914,16.980,1.222,977.313,39.990,448308.976,0.000,0.000,0.000,0.000,8.000,0.005,78.725,0.000,0.020,1.042,19.339,0.000,55.779,78.755,139.491,0.025,1.238,19.457,0.354,54.670,26.000,2.000,2026.000,9.000,49.000,52.000
34.000,416.971,1017.918,16.980,1.222,977.235,39.989,448291.981,0.000,0.000,0.000,0.000,8.000,0.005,78.752,0.000,0.008,-0.305,19.327,0.000,55.734,78.743,140.029,0.024,0.044,19.457,0.171,54.705,26.000,2.000,2026.000,9.000,49.000,52.000
34.000,417.000,1017.915,16.980,1.222,977.303,39.990,448307.029,0.000,0.000,0.000,0.000,8.000,0.005,78.746,0.000,0.021,1.009,19.348,0.000,55.730,78.736,140.759,0.026,0.758,19.461,0.219,54.736,26.000,2.000,2026.000,9.000,49.000,53.000
34.000,416.984,1017.916,16.980,1.222,977.265,39.989,448298.583,0.000,0.000,0.000,0.000,8.000,0.005,78.746,0.000,0.005,-0.185,19.323,0.000,55.720,78.753,140.689,0.023,-0.033,19.442,0.142,54.687,26.000,2.000,2026.000,9.000,49.000,53.000
34.000,417.001,1017.918,16.980,1.222,977.305,39.990,448308.232,0.000,0.000,0.000,0.000,8.000,0.005,78.750,0.000,0.016,0.660,19.346,0.000,55.723,78.767,141.054,0.018,0.540,19.430,0.195,54.701,26.000,2.000,2026.000,9.000,49.000,54.000
34.000,417.037,1017.918,16.980,1.222,977.391,39.992,448327.732,0.000,0.000,0.000,0.000,8.000,0.005,78.748,0.000,0.017,0.665,19.330,0.000,55.706,78.742,139.453,0.022,-0.513,19.439,0.133,54.736,26.000,2.000,2026.000,9.000,49.000,54.000
34.000,417.053,1017.919,16.980,1.222,977.428,39.992,448336.618,0.000,0.000,0.000,0.000,8.000,0.005,78.745,0.000,0.014,0.349,19.325,0.000,55.709,78.740,138.578,0.021,0.643,19.453,0.092,54.733,26.000,2.000,2026.000,9.000,49.000,55.000
34.000,417.077,1017.919,16.980,1.222,977.485,39.994,448349.618,0.000,0.000,0.000,0.000,8.000,0.005,78.749,0.000,0.010,-0.169,19.343,0.000,55.727,78.735,139.489,0.026,-0.431,19.454,0.197,54.743,26.000,2.000,2026.000,9.000,49.000,55.000
34.000,417.023,1017.917,16.980,1.222,977.357,39.991,448319.928,0.000,0.000,0.000,0.000,8.000,0.005,78.728,0.000,0.023,-0.409,19.344,0.000,55.734,78.751,138.180,0.022,-0.360,19.444,0.347,54.736,26.000,2.000,2026.000,9.000,49.000,56.000
34.000,417.032,1017.920,16.980,1.222,977.379,39.991,448325.464,0.000,0.000,0.000,0.000,8.000,0.005,78.709,0.000,0.014,0.496,19.331,0.000,55.769,78.747,138.784,0.015,-0.431,19.441,0.436,54.708,26.000,2.000,2026.000,9.000,49.000,56.000
34.000,417.045,1017.916,16.980,1.222,977.409,39.992,448331.625,0.000,0.000,0.000,0.000,8.000,0.005,78.724,0.000,0.012,0.000,19.335,0.000,55.758,78.732,139.991,0.017,-0.273,19.448,0.210,54.715,26.000,2.000,2026.000,9.000,49.000,57.000
34.000,417.046,1017.917,16.980,1.222,977.412,39.992,448332.386,0.000,0.000,0.000,0.000,8.000,0.005,78.738,0.000,0.023,-0.600,19.322,0.000,55.748,78.742,139.985,0.017,-0.071,19.459,0.153,54.666,26.000,2.000,2026.000,9.000,49.000,57.000
34.000,417.012,1017.917,16.980,1.222,977.331,39.991,448313.970,0.000,0.000,0.000,0.000,8.000,0.005,78.718,0.000,0.008,0.654,19.340,0.000,55.765,78.736,139.504,0.011,-0.087,19.447,0.163,54.754,26.000,2.000,2026.000,9.000,49.000,58.000
34.000,417.019,1017.918,16.980,1.222,977.348,39.991,448317.982,0.000,0.000,0.000,0.000,8.000,0.005,78.744,0.000,0.013,0.856,19.331,0.000,55.762,78.739,140.267,0.020,0.758,19.456,0.081,54.705,26.000,2.000,2026.000,9.000,49.000,58.000
34.000,417.038,1017.916,16.980,1.222,977.393,39.992,448327.833,0.000,0.000,0.000,0.000,8.000,0.005,78.747,0.000,0.011,-0.011,19.336,0.000,55.734,78.739,138.837,0.021,0.273,19.458,0.150,54.726,26.000,2.000,2026.000,9.000,49.000,59.000
34.000,417.062,1017.917,16.980,1.222,977.450,39.993,448341.053,0.000,0.000,0.000,0.000,8.000,0.005,78.748,0.000,0.014,0.093,19.342,0.000,55.716,78.744,139.543,0.018,0.267,19.454,0.158,54.715,26.000,2.000,2026.000,9.000,49.000,59.000
34.000,417.015,1017.915,16.980,1.222,977.339,39.991,448315.154,0.000,0.000,0.000,0.000,8.000,0.005,78.752,0.000,0.016,0.240,19.341,0.000,55.709,78.739,139.253,0.016,-0.076,19.451,0.139,54.712,26.000,2.000,2026.000,9.000,50.000,0.000
34.000,417.029,1017.916,16.980,1.222,977.372,39.991,448322.958,0.000,0.000,0.000,0.000,8.000,0.005,78.731,0.000,0.024,-0.213,19.352,0.000,55.748,78.740,138.922,0.019,-0.022,19.434,0.205,54.740,26.000,2.000,2026.000,9.000,50.000,0.000
34.000,416.961,1017.915,16.980,1.222,977.211,39.988,448285.903,0.000,0.000,0.000,0.000,8.000,0.005,78.751,0.000,0.036,-0.093,19.357,0.000,55.671,78.738,136.319,0.025,0.093,19.439,0.194,54.743,26.000,2.000,2026.000,9.000,50.000,1.000
34.000,416.912,1017.917,16.980,1.222,977.095,39.986,448259.799,0.000,0.000,0.000,0.000,8.000,0.005,78.734,0.000,0.029,-0.518,19.348,0.000,55.646,78.731,136.305,0.027,-0.589,19.442,0.193,54.694,26.000,2.000,2026.000,9.000,50.000,1.000
34.000,416.877,1017.916,16.980,1.222,977.013,39.984,448240.618,0.000,0.000,0.000,0.000,8.000,0.005,78.747,0.000,0.012,-0.649,19.325,0.000,55.716,78.740,136.205,0.031,-0.338,19.450,0.181,54.726,26.000,2.000,2026.000,9.000,50.000,2.000
34.000,416.897,1017.914,16.980,1.222,977.060,39.985,448251.013,0.000,0.000,0.000,0.000,8.000,0.005,78.744,0.000,0.013,-0.125,19.338,0.000,55.730,78.749,137.411,0.017,-0.393,19.453,0.135,54.733,26.000,2.000,2026.000,9.000,50.000,2.000
34.000,416.932,1017.912,16.980,1.222,977.143,39.987,448269.533,0.000,0.000,0.000,0.000,8.000,0.005,78.734,0.000,0.027,0.938,19.338,0.000,55.709,78.761,138.032,0.024,0.785,19.459,0.397,54.722,26.000,2.000,2026.000,9.000,50.000,3.000
34.000,417.020,1017.914,16.980,1.222,977.350,39.991,448317.643,0.000,0.000,0.000,0.000,8.000,0.005,78.751,0.000,0.015,-0.109,19.342,0.000,55.723,78.744,139.942,0.015,-0.147,19.454,0.170,54.722,26.000,2.000,2026.000,9.000,50.000,3.000
34.000,417.039,1017.913,16.980,1.222,977.395,39.992,448327.714,0.000,0.000,0.000,0.000,8.000,0.005,78.742,0.000,0.008,0.769,19.335,0.000,55.737,78.741,139.379,0.018,0.987,19.454,0.134,54.771,26.000,2.000,2026.000,9.000,50.000,4.000
34.000,417.064,1017.915,16.980,1.222,977.454,39.993,448341.696,0.000,0.000,0.000,0.000,8.000,0.005,78.745,0.000,0.020,0.529,19.319,0.000,55.727,78.734,139.157,0.018,0.404,19.439,0.266,54.733,26.000,2.000,2026.000,9.000,50.000,4.000
34.000,417.060,1017.914,16.980,1.222,977.445,39.993,448339.309,0.000,0.000,0.000,0.000,8.000,0.005,78.738,0.000,0.019,0.278,19.328,0.000,55.716,78.740,138.390,0.022,0.611,19.451,0.128,54.715,26.000,2.000,2026.000,9.000,50.000,5.000
34.000,417.082,1017.912,16.980,1.222,977.497,39.994,448350.784,0.000,0.000,0.000,0.000,8.000,0.005,78.753,0.000,0.013,0.322,19.342,0.000,55.744,78.741,137.841,0.027,0.294,19.428,0.204,54.677,26.000,2.000,2026.000,9.000,50.000,5.000
34.000,417.110,1017.913,16.980,1.222,977.563,39.995,448366.170,0.000,0.000,0.000,0.000,8.000,0.005,78.749,0.000,0.008,0.000,19.342,0.000,55.716,78.738,136.045,0.012,0.562,19.458,0.139,54.705,26.000,2.000,2026.000,9.000,50.000,6.000
34.000,417.043,1017.915,16.980,1.222,977.405,39.992,448330.321,0.000,0.000,0.000,0.000,8.000,0.005,78.743,0.000,0.009,0.218,19.337,0.000,55.688,78.747,136.645,0.018,0.011,19.452,0.147,54.740,26.000,2.000,2026.000,9.000,50.000,6.000
34.000,417.016,1017.912,16.980,1.222,977.341,39.991,448315.036,0.000,0.000,0.000,0.000,8.000,0.005,78.746,0.000,0.013,-0.360,19.363,0.000,55.727,78.743,137.796,0.012,-0.016,19.439,0.129,54.736,26.000,2.000,2026.000,9.000,50.000,7.000
34.000,417.045,1017.915,16.980,1.222,977.409,39.992,448331.404,0.000,0.000,0.000,0.000,8.000,0.005,78.750,0.000,0.014,1.118,19.354,0.000,55.737,78.734,136.789,0.018,0.813,19.435,0.151,54.743,26.000,2.000,2026.000,9.000,50.000,7.000
34.000,417.077,1017.917,16.980,1.222,977.485,39.994,448349.177,0.000,0.000,0.000,0.000,8.000,0.005,78.746,0.000,0.007,-0.169,19.320,0.000,55.713,78.730,138.513,0.011,-0.196,19.459,0.148,54.733,26.000,2.000,2026.000,9.000,50.000,8.000
34.000,417.074,1017.913,16.980,1.222,977.478,39.994,448346.672,0.000,0.000,0.000,0.000,8.000,0.005,78.751,0.000,0.015,0.900,19.344,0.000,55.727,78.743,137.446,0.016,1.053,19.456,0.131,54.747,26.000,2.000,2026.000,9.000,50.000,8.000
34.000,417.116,1017.915,16.980,1.222,977.577,39.996,448369.860,0.000,0.000,0.000,0.000,8.000,0.005,78.726,0.000,0.011,-0.431,19.335,0.000,55.741,78.742,136.313,0.023,-0.349,19.452,0.306,54.743,26.000,2.000,2026.000,9.000,50.000,9.000
34.000,417.093,1017.915,16.980,1.222,977.523,39.994,448357.403,0.000,0.000,0.000,0.000,8.000,0.005,78.747,0.000,0.019,1.167,19.324,0.000,55.748,78.763,137.113,0.018,1.156,19.450,0.219,54.666,26.000,2.000,2026.000,9.000,50.000,9.000
34.000,417.079,1017.914,16.980,1.222,977.490,39.994,448349.600,0.000,0.000,0.000,0.000,8.000,0.005,78.755,0.000,0.029,0.344,19.347,0.000,55.758,78.724,136.827,0.019,-0.229,19.450,0.426,54.705,26.000,2.000,2026.000,9.000,50.000,10.000
34.000,417.017,1017.913,16.980,1.222,977.343,39.991,448315.797,0.000,0.000,0.000,0.000,8.000,0.005,78.733,0.000,0.018,1.036,19.314,0.000,55.751,78.739,138.762,0.021,1.222,19.434,0.174,54.761,26.000,2.000,2026.000,9.000,50.000,10.000
34.000,416.932,1017.913,16.980,1.222,977.143,39.987,448269.753,0.000,0.000,0.000,0.000,8.000,0.005,78.719,0.000,0.013,-0.049,19.337,0.000,55.737,78.734,140.003,0.018,-0.234,19.462,0.213,54.729,26.000,2.000,2026.000,9.000,50.000,11.000
34.000,416.940,1017.914,16.980,1.222,977.161,39.987,448274.307,0.000,0.000,0.000,0.000,8.000,0.005,78.740,0.000,0.017,1.080,19.331,0.000,55.783,78.744,141.747,0.022,1.058,19.432,0.092,54.677,26.000,2.000,2026.000,9.000,50.000,11.000
34.000,416.990,1017.913,16.980,1.222,977.280,39.990,448301.172,0.000,0.000,0.000,0.000,8.000,0.005,78.751,0.000,0.017,-0.600,19.335,0.000,55.730,78.731,140.657,0.011,-0.524,19.443,0.229,54.722,26.000,2.000,2026.000,9.000,50.000,12.000
34.000,417.059,1017.914,16.980,1.222,977.442,39.993,448338.767,0.000,0.000,0.000,0.000,8.000,0.005,78.745,0.000,0.007,0.573,19.339,0.000,55.716,78.739,138.443,0.024,0.725,19.454,0.189,54.694,26.000,2.000,2026.000,9.000,50.000,12.000
34.000,417.068,1017.914,16.980,1.222,977.464,39.993,448343.642,0.000,0.000,0.000,0.000,8.000,0.005,78.741,0.000,0.016,-0.016,19.341,0.000,55.734,78.747,138.892,0.017,-0.360,19.455,0.156,54.750,26.000,2.000,2026.000,9.000,50.000,13.000
34.000,417.053,1017.915,16.980,1.222,977.428,39.993,448335.738,0.000,0.000,0.000,0.000,8.000,0.005,78.742,0.000,0.004,-0.185,19.334,0.000,55.727,78.744,139.337,0.015,0.278,19.448,0.094,54.754,26.000,2.000,2026.000,9.000,50.000,13.000
34.000,417.027,1017.914,16.980,1.222,977.367,39.991,448321.434,0.000,0.000,0.000,0.000,8.000,0.005,78.754,0.000,0.016,1.123,19.329,0.000,55.702,78.748,138.822,0.020,0.693,19.451,0.052,54.705,26.000,2.000,2026.000,9.000,50.000,14.000
34.000,416.964,1017.914,16.980,1.222,977.218,39.988,448287.308,0.000,0.000,0.000,0.000,8.000,0.005,78.718,0.000,0.023,0.420,19.325,0.000,55.741,78.721,139.078,0.016,0.169,19.445,0.065,54.729,26.000,2.000,2026.000,9.000,50.000,14.000
34.000,416.944,1017.913,16.980,1.222,977.171,39.987,448276.254,0.000,0.000,0.000,0.000,8.000,0.005,78.729,0.000,0.013,0.960,19.333,0.000,55.737,78.740,139.647,0.027,0.796,19.444,0.146,54.792,26.000,2.000,2026.000,9.000,50.000,15.000
34.000,416.975,1017.915,16.980,1.222,977.244,39.989,448293.487,0.000,0.000,0.000,0.000,8.000,0.005,78.711,0.000,0.007,0.289,19.348,0.000,55.762,78.738,139.764,0.013,0.087,19.469,0.277,54.719,26.000,2.000,2026.000,9.000,50.000,15.000
34.000,416.946,1017.914,16.980,1.222,977.176,39.987,448277.557,0.000,0.000,0.000,0.000,8.000,0.005,78.754,0.000,0.011,1.096,19.330,0.000,55.730,78.739,141.853,0.024,1.107,19.433,0.159,54.722,26.000,2.000,2026.000,9.000,50.000,16.000
34.000,416.978,1017.915,16.980,1.222,977.251,39.989,448295.112,0.000,0.000,0.000,0.000,8.000,0.005,78.718,0.000,0.012,-0.093,19.330,0.000,55.772,78.746,143.009,0.023,-0.115,19.450,0.252,54.673,26.000,2.000,2026.000,9.000,50.000,16.000
34.000,417.030,1017.916,16.980,1.222,977.374,39.991,448323.500,0.000,0.000,0.000,0.000,8.000,0.005,78.744,0.000,0.013,1.047,19.321,0.000,55.737,78.741,144.833,0.013,0.944,19.440,0.103,54.712,26.000,2.000,2026.000,9.000,50.000,17.000
34.000,417.050,1017.916,16.980,1.222,977.421,39.992,448334.333,0.000,0.000,0.000,0.000,8.000,0.005,78.730,0.000,0.017,-0.125,19.330,0.000,55.744,78.746,145.013,0.031,-0.409,19.439,0.154,54.743,26.000,2.000,2026.000,9.000,50.000,17.000
34.000,417.047,1017.916,16.980,1.222,977.414,39.992,448332.708,0.000,0.000,0.000,0.000,8.000,0.005,78.749,0.000,0.014,-0.431,19.341,0.000,55.741,78.759,145.642,0.019,-0.387,19.442,0.170,54.680,26.000,2.000,2026.000,9.000,50.000,18.000
34.000,416.989,1017.915,16.980,1.222,977.277,39.989,448301.071,0.000,0.000,0.000,0.000,8.000,0.005,78.745,0.000,0.006,-0.393,19.321,0.000,55.748,78.739,146.394,0.022,-0.349,19.453,0.052,54.670,26.000,2.000,2026.000,9.000,50.000,18.000
34.000,416.951,1017.915,16.980,1.222,977.187,39.988,448280.486,0.000,0.000,0.000,0.000,8.000,0.005,78.750,0.000,0.017,-0.502,19.324,0.000,55.744,78.712,147.084,0.021,-0.404,19.434,0.429,54.761,26.000,2.000,2026.000,9.000,50.000,19.000
34.000,416.892,1017.915,16.980,1.222,977.048,39.985,448248.524,0.000,0.000,0.000,0.000,8.000,0.005,78.731,0.000,0.013,-0.605,19.342,0.000,55.786,78.742,147.122,0.019,-0.109,19.423,0.200,54.736,26.000,2.000,2026.000,9.000,50.000,19.000
34.000,416.952,1017.915,16.980,1.222,977.190,39.988,448281.028,0.000,0.000,0.000,0.000,8.000,0.005,78.750,0.000,0.017,0.180,19.346,0.000,55.751,78.740,145.483,0.028,-0.038,19.448,0.143,54.715,26.000,2.000,2026.000,9.000,50.000,20.000
34.000,416.996,1017.913,16.980,1.222,977.294,39.990,448304.422,0.000,0.000,0.000,0.000,8.000,0.005,78.749,0.000,0.018,1.118,19.341,0.000,55.716,78.755,145.129,0.020,0.785,19.454,0.193,54.754,26.000,2.000,2026.000,9.000,50.000,20.000
34.000,417.015,1017.914,16.980,1.222,977.339,39.991,448314.934,0.000,0.000,0.000,0.000,8.000,0.005,78.746,0.000,0.009,0.093,19.334,0.000,55.730,78.743,143.811,0.028,0.169,19.447,0.158,54.747,26.000,2.000,2026.000,9.000,50.000,21.000
34.000,416.981,1017.915,16.980,1.222,977.258,39.989,448296.737,0.000,0.000,0.000,0.000,8.000,0.005,78.741,0.000,0.010,0.284,19.321,0.000,55.737,78.706,143.000,0.018,0.273,19.450,0.402,54.719,26.000,2.000,2026.000,9.000,50.000,21.000
34.000,416.967,1017.911,16.980,1.222,977.225,39.988,448288.273,0.000,0.000,0.000,0.000,8.000,0.005,78.749,0.000,0.017,0.360,19.323,0.000,55.730,78.743,142.889,0.020,0.082,19.445,0.155,54.747,26.000,2.000,2026.000,9.000,50.000,22.000
34.000,417.045,1017.912,16.980,1.222,977.409,39.992,448330.744,0.000,0.000,0.000,0.000,8.000,0.005,78.745,0.000,0.012,-0.164,19.309,0.000,55.706,78.729,144.057,0.026,-0.245,19.429,0.184,54.715,26.000,2.000,2026.000,9.000,50.000,22.000
34.000,417.035,1017.911,16.980,1.222,977.386,39.992,448325.107,0.000,0.000,0.000,0.000,8.000,0.005,78.720,0.000,0.012,0.164,19.340,0.000,55.720,78.736,143.473,0.022,-0.136,19.439,0.265,54.698,26.000,2.000,2026.000,9.000,50.000,23.000
34.000,417.037,1017.911,16.980,1.222,977.391,39.992,448326.190,0.000,0.000,0.000,0.000,8.000,0.005,78.752,0.000,0.030,-0.518,19.309,0.000,55.674,78.732,143.782,0.023,-0.600,19.454,0.216,54.740,26.000,2.000,2026.000,9.000,50.000,23.000
34.000,417.038,1017.908,16.980,1.222,977.393,39.992,448326.071,0.000,0.000,0.000,0.000,8.000,0.005,78.744,0.000,0.013,-0.376,19.345,0.000,55.769,78.745,144.327,0.015,-0.551,19.428,0.104,54.708,26.000,2.000,2026.000,9.000,50.000,24.000
34.000,417.090,1017.910,16.980,1.222,977.516,39.994,448354.677,0.000,0.000,0.000,0.000,8.000,0.005,78.741,0.000,0.008,-0.174,19.320,0.000,55.723,78.735,143.785,0.017,-0.393,19.424,0.073,54.687,26.000,2.000,2026.000,9.000,50.000,24.000
34.000,417.148,1017.910,16.980,1.222,977.653,39.997,448386.090,0.000,0.000,0.000,0.000,8.000,0.005,78.744,0.000,0.007,1.004,19.338,0.000,55.720,78.736,144.397,0.031,0.763,19.429,0.119,54.726,26.000,2.000,2026.000,9.000,50.000,25.000
34.000,417.127,1017.910,16.980,1.222,977.603,39.996,448374.716,0.000,0.000,0.000,0.000,8.000,0.005,78.730,0.000,0.014,-0.349,19.335,0.000,55.727,78.729,145.232,0.019,-0.104,19.457,0.048,54.719,26.000,2.000,2026.000,9.000,50.000,25.000
34.000,417.139,1017.911,16.980,1.222,977.631,39.997,448381.436,0.000,0.000,0.000,0.000,8.000,0.005,78.744,0.000,0.013,0.834,19.342,0.000,55.741,78.727,143.407,0.025,0.834,19.438,0.252,54.771,26.000,2.000,2026.000,9.000,50.000,26.000
34.000,417.121,1017.909,16.980,1.222,977.589,39.996,448371.247,0.000,0.000,0.000,0.000,8.000,0.005,78.735,0.000,0.016,0.480,19.338,0.000,55.734,78.734,142.756,0.015,0.164,19.441,0.150,54.743,26.000,2.000,2026.000,9.000,50.000,26.000
34.000,417.026,1017.907,16.980,1.222,977.365,39.991,448319.351,0.000,0.000,0.000,0.000,8.000,0.005,78.742,0.000,0.011,0.371,19.324,0.000,55.713,78.748,142.398,0.013,0.136,19.448,0.050,54.715,26.000,2.000,2026.000,9.000,50.000,27.000
34.000,416.963,1017.906,16.980,1.222,977.216,39.988,448285.005,0.000,0.000,0.000,0.000,8.000,0.005,78.754,0.000,0.013,0.436,19.331,0.000,55.748,78.731,143.674,0.025,0.267,19.428,0.315,54.757,26.000,2.000,2026.000,9.000,50.000,27.000
34.000,416.887,1017.909,16.980,1.222,977.036,39.985,448244.494,0.000,0.000,0.000,0.000,8.000,0.005,78.708,0.000,0.010,-0.093,19.332,0.000,55.744,78.744,143.466,0.012,0.060,19.441,0.373,54.747,26.000,2.000,2026.000,9.000,50.000,28.000
34.000,416.904,1017.904,16.980,1.222,977.076,39.986,448252.603,0.000,0.000,0.000,0.000,8.000,0.005,78.737,0.000,0.021,-0.093,19.327,0.000,55.734,78.735,143.230,0.029,1.020,19.441,0.122,54.701,26.000,2.000,2026.000,9.000,50.000,28.000
34.000,416.907,1017.903,16.980,1.222,977.083,39.986,448254.008,0.000,0.000,0.000,0.000,8.000,0.005,78.741,0.000,0.017,-0.098,19.322,0.000,55.706,78.748,143.192,0.016,-0.294,19.453,0.093,54.743,26.000,2.000,2026.000,9.000,50.000,29.000
34.000,416.951,1017.907,16.980,1.222,977.187,39.988,448278.725,0.000,0.000,0.000,0.000,8.000,0.005,78.744,0.000,0.008,0.714,19.321,0.000,55.730,78.738,142.487,0.023,0.856,19.456,0.111,54.740,26.000,2.000,2026.000,9.000,50.000,29.000
34.000,416.922,1017.908,16.980,1.222,977.119,39.986,448263.235,0.000,0.000,0.000,0.000,8.000,0.005,78.742,0.000,0.005,-0.393,19.344,0.000,55.727,78.757,143.817,0.014,-0.360,19.450,0.199,54.698,26.000,2.000,2026.000,9.000,50.000,30.000
34.000,416.894,1017.906,16.980,1.222,977.053,39.985,448247.626,0.000,0.000,0.000,0.000,8.000,0.005,78.748,0.000,0.006,1.080,19.321,0.000,55.751,78.736,143.652,0.020,1.074,19.432,0.138,54.694,26.000,2.000,2026.000,9.000,50.000,30.000
34.000,416.854,1017.906,16.980,1.222,976.958,39.983,448225.956,0.000,0.000,0.000,0.000,8.000,0.005,78.746,0.000,0.008,-0.518,19.343,0.000,55.730,78.757,142.480,0.025,-0.578,19.442,0.150,54.715,26.000,2.000,2026.000,9.000,50.000,31.000
34.000,416.902,1017.905,16.980,1.222,977.072,39.985,448251.740,0.000,0.000,0.000,0.000,8.000,0.005,78.747,0.000,0.015,1.004,19.295,0.000,55.748,78.740,142.418,0.010,0.976,19.419,0.119,54.712,26.000,2.000,2026.000,9.000,50.000,31.000
34.000,416.902,1017.908,16.980,1.222,977.072,39.985,448252.400,0.000,0.000,0.000,0.000,8.000,0.005,78.728,0.000,0.013,0.218,19.325,0.000,55.737,78.732,144.094,0.022,-0.196,19.425,0.138,54.750,26.000,2.000,2026.000,9.000,50.000,32.000
34.000,416.955,1017.904,16.980,1.222,977.197,39.988,448280.231,0.000,0.000,0.000,0.000,8.000,0.005,78.745,0.000,0.015,0.851,19.357,0.000,55.748,78.748,144.882,0.023,0.316,19.429,0.062,54.719,26.000,2.000,2026.000,9.000,50.000,32.000
34.000,416.982,1017.903,16.980,1.222,977.261,39.989,448294.637,0.000,0.000,0.000,0.000,8.000,0.005,78.743,0.000,0.016,-0.234,19.330,0.000,55.751,78.737,145.273,0.014,-0.393,19.438,0.072,54.712,26.000,2.000,2026.000,9.000,50.000,33.000
34.000,417.000,1017.904,16.980,1.222,977.303,39.990,448304.607,0.000,0.000,0.000,0.000,8.000,0.005,78.720,0.000,0.009,0.382,19.310,0.000,55.755,78.734,144.469,0.020,0.033,19.436,0.127,54.715,26.000,2.000,2026.000,9.000,50.000,33.000
34.000,416.988,1017.907,16.980,1.222,977.275,39.990,448298.767,0.000,0.000,0.000,0.000,8.000,0.005,78.737,0.000,0.018,0.993,19.304,0.000,55.737,78.724,142.422,0.006,-0.196,19.455,0.108,54.750,26.000,2.000,2026.000,9.000,50.000,34.000
34.000,417.030,1017.905,16.980,1.222,977.374,39.992,448321.077,0.000,0.000,0.000,0.000,8.000,0.005,78.738,0.000,0.010,0.245,19.313,0.000,55.734,78.733,143.092,0.023,-0.060,19.416,0.098,54.712,26.000,2.000,2026.000,9.000,50.000,34.000
