32.000,417.364,1017.886,16.880,1.223,978.163,40.001,448695.047,0.000,0.000,0.000,0.000,8.000,0.005,49.223,0.000,0.009,-0.633,19.817,0.000,31.983,49.206,64.465,0.008,-1.892,20.009,0.185,31.308,26.000,2.000,2026.000,9.000,46.000,28.000
32.000,417.461,1017.887,16.880,1.223,978.392,40.006,448747.808,0.000,0.000,0.000,0.000,8.000,0.005,49.205,0.000,0.009,-0.862,19.799,0.000,32.032,49.208,62.368,0.016,-1.353,20.002,0.074,31.287,26.000,2.000,2026.000,9.000,46.000,28.000
32.000,417.443,1017.887,16.880,1.223,978.349,40.005,448738.058,0.000,0.000,0.000,0.000,8.000,0.005,49.201,0.000,0.006,-0.714,19.795,0.000,32.029,49.202,63.161,0.013,-0.780,20.016,0.056,31.318,26.000,2.000,2026.000,9.000,46.000,29.000
32.000,417.388,1017.887,16.880,1.223,978.219,40.002,448708.268,0.000,0.000,0.000,0.000,8.000,0.005,49.214,0.000,0.006,-1.462,19.801,0.000,32.022,49.212,64.324,0.005,-0.633,20.015,0.039,31.297,26.000,2.000,2026.000,9.000,46.000,29.000
32.000,417.399,1017.888,16.880,1.223,978.245,40.003,448714.446,0.000,0.000,0.000,0.000,8.000,0.005,49.210,0.000,0.010,-1.025,19.804,0.000,32.022,49.195,63.586,0.004,-0.654,20.021,0.186,31.311,26.000,2.000,2026.000,9.000,46.000,30.000
32.000,417.418,1017.890,16.880,1.223,978.290,40.004,448725.179,0.000,0.000,0.000,0.000,8.000,0.005,49.210,0.000,0.018,-1.009,19.796,0.000,32.004,49.219,63.151,0.007,-1.707,20.013,0.191,31.301,26.000,2.000,2026.000,9.000,46.000,30.000
32.000,417.473,1017.889,16.880,1.223,978.420,40.006,448754.748,0.000,0.000,0.000,0.000,8.000,0.005,49.212,0.000,0.011,-0.616,19.780,0.000,31.994,49.213,63.709,0.004,-1.974,19.999,0.069,31.297,26.000,2.000,2026.000,9.000,46.000,31.000
32.000,417.483,1017.890,16.880,1.223,978.444,40.007,448760.384,0.000,0.000,0.000,0.000,8.000,0.005,49.208,0.000,0.007,-0.654,19.798,0.000,32.025,49.215,64.054,0.012,-1.478,20.009,0.095,31.280,26.000,2.000,2026.000,9.000,46.000,31.000
32.000,417.472,1017.889,16.880,1.223,978.418,40.006,448754.206,0.000,0.000,0.000,0.000,8.000,0.005,49.219,0.000,0.009,-1.669,19.781,0.000,32.008,49.206,62.625,0.012,-1.292,20.009,0.187,31.322,26.000,2.000,2026.000,9.000,46.000,32.000
32.000,417.456,1017.889,16.880,1.223,978.380,40.006,448745.540,0.000,0.000,0.000,0.000,8.000,0.005,49.200,0.000,0.003,-1.952,19.788,0.000,32.029,49.217,63.374,0.007,-1.014,19.995,0.180,31.304,26.000,2.000,2026.000,9.000,46.000,32.000
32.000,417.458,1017.887,16.880,1.223,978.385,40.006,448746.183,0.000,0.000,0.000,0.000,8.000,0.005,49.206,0.000,0.006,-0.851,19.795,0.000,32.039,49.197,64.318,0.011,-0.878,20.004,0.116,31.318,26.000,2.000,2026.000,9.000,46.000,33.000
32.000,417.451,1017.890,16.880,1.223,978.368,40.005,448743.053,0.000,0.000,0.000,0.000,8.000,0.005,49.214,0.000,0.012,-1.603,19.784,0.000,32.032,49.215,63.864,0.012,-0.545,19.970,0.052,31.315,26.000,2.000,2026.000,9.000,46.000,33.000
32.000,417.473,1017.887,16.880,1.223,978.420,40.006,448754.307,0.000,0.000,0.000,0.000,8.000,0.005,49.220,0.000,0.014,-1.522,19.764,0.000,32.018,49.216,62.242,0.007,-0.802,19.982,0.079,31.294,26.000,2.000,2026.000,9.000,46.000,34.000
32.000,417.479,1017.886,16.880,1.223,978.434,40.007,448757.336,0.000,0.000,0.000,0.000,8.000,0.005,49.202,0.000,0.012,-1.532,19.769,0.000,32.046,49.199,64.905,0.010,-0.589,19.980,0.122,31.301,26.000,2.000,2026.000,9.000,46.000,34.000
32.000,417.493,1017.890,16.880,1.223,978.467,40.007,448765.800,0.000,0.000,0.000,0.000,8.000,0.005,49.210,0.000,0.009,-1.303,19.756,0.000,32.043,49.216,64.811,0.008,-0.769,19.971,0.128,31.290,26.000,2.000,2026.000,9.000,46.000,35.000
32.000,417.572,1017.888,16.880,1.223,978.654,40.011,448808.144,0.000,0.000,0.000,0.000,8.000,0.005,49.221,0.000,0.006,-1.014,19.783,0.000,32.018,49.198,65.143,0.007,-1.680,19.988,0.198,31.301,26.000,2.000,2026.000,9.000,46.000,35.000
32.000,417.617,1017.889,16.880,1.223,978.760,40.013,448832.734,0.000,0.000,0.000,0.000,8.000,0.005,49.210,0.000,0.011,-1.243,19.761,0.000,32.018,49.210,63.307,0.013,-0.774,19.976,0.050,31.315,26.000,2.000,2026.000,9.000,46.000,36.000
32.000,417.700,1017.887,16.880,1.223,978.956,40.017,448877.237,0.000,0.000,0.000,0.000,8.000,0.005,49.212,0.000,0.014,-0.922,19.765,0.000,32.011,49.199,63.626,0.009,-1.145,19.973,0.207,31.276,26.000,2.000,2026.000,9.000,46.000,36.000
32.000,417.670,1017.889,16.880,1.223,978.885,40.016,448861.433,0.000,0.000,0.000,0.000,8.000,0.005,49.214,0.000,0.006,-1.004,19.778,0.000,32.029,49.209,64.148,0.006,-1.707,19.978,0.066,31.304,26.000,2.000,2026.000,9.000,46.000,37.000
32.000,417.626,1017.889,16.880,1.223,978.782,40.014,448837.607,0.000,0.000,0.000,0.000,8.000,0.005,49.200,0.000,0.014,-0.649,19.761,0.000,32.015,49.199,63.740,0.023,-1.598,19.962,0.197,31.294,26.000,2.000,2026.000,9.000,46.000,37.000
32.000,417.575,1017.886,16.880,1.223,978.661,40.011,448809.328,0.000,0.000,0.000,0.000,8.000,0.005,49.198,0.000,0.009,-0.725,19.769,0.000,32.043,49.215,64.286,0.012,-0.976,19.977,0.219,31.283,26.000,2.000,2026.000,9.000,46.000,38.000
32.000,417.490,1017.886,16.880,1.223,978.460,40.007,448763.294,0.000,0.000,0.000,0.000,8.000,0.005,49.212,0.000,0.010,-1.821,19.760,0.000,32.008,49.201,65.333,0.008,-0.660,19.948,0.120,31.294,26.000,2.000,2026.000,9.000,46.000,38.000
32.000,417.464,1017.887,16.880,1.223,978.399,40.006,448749.432,0.000,0.000,0.000,0.000,8.000,0.005,49.212,0.000,0.007,-1.434,19.758,0.000,32.032,49.206,65.447,0.010,-0.796,19.974,0.082,31.297,26.000,2.000,2026.000,9.000,46.000,39.000
32.000,417.456,1017.885,16.880,1.223,978.380,40.006,448744.659,0.000,0.000,0.000,0.000,8.000,0.005,49.234,0.000,0.015,-1.173,19.757,0.000,32.032,49.217,63.906,0.005,-1.549,19.957,0.247,31.297,26.000,2.000,2026.000,9.000,46.000,39.000
32.000,417.465,1017.886,16.880,1.223,978.401,40.006,448749.754,0.000,0.000,0.000,0.000,8.000,0.005,49.210,0.000,0.006,-1.369,19.747,0.000,32.032,49.223,63.576,0.007,-0.714,19.947,0.139,31.287,26.000,2.000,2026.000,9.000,46.000,40.000
32.000,417.494,1017.885,16.880,1.223,978.470,40.008,448765.240,0.000,0.000,0.000,0.000,8.000,0.005,49.201,0.000,0.010,-0.714,19.756,0.000,32.064,49.202,64.927,0.008,-0.785,19.965,0.042,31.318,26.000,2.000,2026.000,9.000,46.000,40.000
32.000,417.442,1017.885,16.880,1.223,978.347,40.005,448737.076,0.000,0.000,0.000,0.000,8.000,0.005,49.209,0.000,0.011,-0.627,19.756,0.000,32.018,49.218,64.684,0.005,-0.774,19.939,0.080,31.301,26.000,2.000,2026.000,9.000,46.000,41.000
32.000,417.459,1017.884,16.880,1.223,978.387,40.006,448746.063,0.000,0.000,0.000,0.000,8.000,0.005,49.210,0.000,0.006,-0.676,19.756,0.000,32.025,49.201,64.543,0.006,-1.265,19.926,0.086,31.325,26.000,2.000,2026.000,9.000,46.000,41.000
32.000,417.390,1017.887,16.900,1.223,978.224,40.004,448669.881,0.000,0.000,0.000,0.000,8.000,0.005,49.207,0.000,0.010,-0.676,19.745,0.000,32.039,49.216,64.132,0.010,-1.565,19.933,0.135,31.325,26.000,2.000,2026.000,9.000,46.000,42.000
32.000,417.357,1017.886,16.900,1.223,978.146,40.002,448651.787,0.000,0.000,0.000,0.000,8.000,0.005,49.200,0.000,0.008,-0.622,19.748,0.000,32.050,49.196,64.426,0.010,-1.483,19.934,0.107,31.304,26.000,2.000,2026.000,9.000,46.000,42.000
32.000,417.355,1017.886,16.880,1.223,978.142,40.001,448690.172,0.000,0.000,0.000,0.000,8.000,0.005,49.212,0.000,0.006,-1.183,19.736,0.000,32.029,49.204,62.010,0.005,-1.074,19.931,0.068,31.329,26.000,2.000,2026.000,9.000,46.000,43.000
32.000,417.406,1017.886,16.880,1.223,978.262,40.003,448717.797,0.000,0.000,0.000,0.000,8.000,0.005,49.209,0.000,0.011,-1.522,19.735,0.000,32.057,49.213,63.789,0.007,-1.058,19.923,0.085,31.308,26.000,2.000,2026.000,9.000,46.000,43.000
32.000,417.534,1017.888,16.900,1.223,978.564,40.011,448748.088,0.000,0.000,0.000,0.000,8.000,0.005,49.210,0.000,0.008,-1.647,19.746,0.000,32.043,49.217,64.388,0.012,-0.758,19.932,0.079,31.315,26.000,2.000,2026.000,9.000,46.000,44.000
32.000,417.574,1017.887,16.880,1.223,978.659,40.011,448809.007,0.000,0.000,0.000,0.000,8.000,0.005,49.217,0.000,0.011,-1.789,19.734,0.000,32.015,49.208,63.699,0.004,-0.622,19.899,0.130,31.311,26.000,2.000,2026.000,9.000,46.000,44.000
32.000,417.599,1017.886,16.880,1.223,978.718,40.013,448822.325,0.000,0.000,0.000,0.000,8.000,0.005,49.212,0.000,0.007,-1.134,19.749,0.000,32.046,49.218,61.746,0.004,-0.638,19.929,0.075,31.315,26.000,2.000,2026.000,9.000,46.000,45.000
32.000,417.548,1017.887,16.900,1.223,978.597,40.011,448755.449,0.000,0.000,0.000,0.000,8.000,0.005,49.199,0.000,0.012,-0.731,19.746,0.000,32.029,49.221,63.073,0.013,-1.778,19.907,0.236,31.301,26.000,2.000,2026.000,9.000,46.000,45.000
32.000,417.503,1017.886,16.900,1.223,978.491,40.009,448730.859,0.000,0.000,0.000,0.000,8.000,0.005,49.217,0.000,0.009,-1.156,19.731,0.000,32.036,49.208,63.884,0.010,-1.325,19.937,0.119,31.315,26.000,2.000,2026.000,9.000,46.000,46.000
32.000,417.451,1017.885,16.880,1.223,978.368,40.005,448741.951,0.000,0.000,0.000,0.000,8.000,0.005,49.199,0.000,0.003,-1.522,19.728,0.000,32.057,49.225,63.460,0.019,-0.769,19.908,0.359,31.325,26.000,2.000,2026.000,9.000,46.000,46.000
32.000,417.462,1017.888,16.880,1.223,978.394,40.006,448748.570,0.000,0.000,0.000,0.000,8.000,0.005,49.217,0.000,0.008,-1.756,19.718,0.000,32.046,49.224,63.670,0.007,-0.818,19.933,0.099,31.304,26.000,2.000,2026.000,9.000,46.000,47.000
32.000,417.403,1017.886,16.880,1.223,978.255,40.003,448716.172,0.000,0.000,0.000,0.000,8.000,0.005,49.215,0.000,0.008,-1.494,19.732,0.000,32.046,49.197,63.860,0.005,-0.714,19.920,0.202,31.318,26.000,2.000,2026.000,9.000,46.000,47.000
32.000,417.406,1017.889,16.900,1.223,978.262,40.005,448678.988,0.000,0.000,0.000,0.000,8.000,0.005,49.212,0.000,0.007,-1.249,19.741,0.000,32.053,49.214,63.703,0.008,-0.638,19.922,0.068,31.322,26.000,2.000,2026.000,9.000,46.000,48.000
32.000,417.433,1017.888,16.880,1.223,978.326,40.005,448732.862,0.000,0.000,0.000,0.000,8.000,0.005,49.193,0.000,0.011,-0.944,19.749,0.000,32.064,49.222,63.148,0.006,-0.638,19.893,0.274,31.304,26.000,2.000,2026.000,9.000,46.000,48.000
32.000,417.433,1017.887,16.880,1.223,978.326,40.005,448732.642,0.000,0.000,0.000,0.000,8.000,0.005,49.212,0.000,0.014,-0.709,19.720,0.000,32.036,49.201,64.170,0.006,-1.527,19.901,0.150,31.304,26.000,2.000,2026.000,9.000,46.000,49.000
32.000,417.415,1017.890,16.880,1.223,978.283,40.004,448723.554,0.000,0.000,0.000,0.000,8.000,0.005,49.208,0.000,0.017,-1.783,19.712,0.000,32.081,49.210,62.772,0.016,-1.292,19.884,0.033,31.311,26.000,2.000,2026.000,9.000,46.000,49.000
32.000,417.438,1017.890,16.900,1.223,978.338,40.006,448696.539,0.000,0.000,0.000,0.000,8.000,0.005,49.212,0.000,0.014,-1.952,19.738,0.000,32.046,49.217,63.390,0.003,-1.058,19.902,0.084,31.322,26.000,2.000,2026.000,9.000,46.000,50.000
32.000,417.399,1017.888,16.900,1.223,978.245,40.004,448674.976,0.000,0.000,0.000,0.000,8.000,0.005,49.203,0.000,0.008,-1.467,19.714,0.000,32.050,49.203,65.409,0.014,-0.840,19.931,0.081,31.318,26.000,2.000,2026.000,9.000,46.000,50.000
32.000,417.452,1017.889,16.880,1.223,978.371,40.005,448743.374,0.000,0.000,0.000,0.000,8.000,0.005,49.217,0.000,0.007,-1.587,19.697,0.000,32.032,49.197,63.682,0.008,-0.573,19.904,0.196,31.325,26.000,2.000,2026.000,9.000,46.000,51.000
32.000,417.442,1017.889,16.900,1.223,978.347,40.006,448698.485,0.000,0.000,0.000,0.000,8.000,0.005,49.214,0.000,0.008,-1.538,19.724,0.000,32.053,49.212,63.997,0.012,-0.714,19.890,0.073,31.322,26.000,2.000,2026.000,9.000,46.000,51.000
32.000,417.368,1017.890,16.900,1.223,978.172,40.003,448658.627,0.000,0.000,0.000,0.000,8.000,0.005,49.204,0.000,0.009,-0.889,19.723,0.000,32.025,49.203,62.638,0.005,-1.947,19.889,0.047,31.336,26.000,2.000,2026.000,9.000,46.000,52.000
32.000,417.345,1017.890,16.900,1.223,978.118,40.002,448646.169,0.000,0.000,0.000,0.000,8.000,0.005,49.203,0.000,0.006,-0.878,19.702,0.000,32.057,49.206,64.029,0.007,-0.633,19.887,0.054,31.336,26.000,2.000,2026.000,9.000,46.000,52.000
32.000,417.357,1017.891,16.900,1.223,978.146,40.002,448652.889,0.000,0.000,0.000,0.000,8.000,0.005,49.207,0.000,0.009,-0.933,19.706,0.000,32.046,49.214,65.086,0.010,-1.271,19.872,0.103,31.318,26.000,2.000,2026.000,9.000,46.000,53.000
32.000,417.423,1017.890,16.900,1.223,978.302,40.005,448688.415,0.000,0.000,0.000,0.000,8.000,0.005,49.200,0.000,0.013,-0.600,19.712,0.000,32.060,49.209,65.323,0.015,-1.963,19.893,0.096,31.336,26.000,2.000,2026.000,9.000,46.000,53.000
32.000,417.463,1017.888,16.900,1.223,978.397,40.007,448709.638,0.000,0.000,0.000,0.000,8.000,0.005,49.218,0.000,0.014,-0.731,19.702,0.000,32.011,49.213,65.745,0.005,-1.418,19.885,0.055,31.315,26.000,2.000,2026.000,9.000,46.000,54.000
32.000,417.442,1017.887,16.900,1.223,978.347,40.006,448698.044,0.000,0.000,0.000,0.000,8.000,0.005,49.224,0.000,0.011,-0.709,19.696,0.000,32.050,49.221,65.517,0.016,-1.020,19.876,0.133,31.325,26.000,2.000,2026.000,9.000,46.000,54.000
32.000,417.419,1017.885,16.900,1.223,978.293,40.005,448685.147,0.000,0.000,0.000,0.000,8.000,0.005,49.207,0.000,0.014,-1.876,19.688,0.000,32.085,49.211,66.687,0.012,-1.178,19.875,0.064,31.308,26.000,2.000,2026.000,9.000,46.000,55.000
32.000,417.384,1017.886,16.900,1.223,978.210,40.004,448666.411,0.000,0.000,0.000,0.000,8.000,0.005,49.196,0.000,0.010,-1.505,19.703,0.000,32.053,49.193,65.102,0.016,-0.736,19.868,0.139,31.343,26.000,2.000,2026.000,9.000,46.000,55.000
32.000,417.367,1017.886,16.900,1.223,978.170,40.003,448657.203,0.000,0.000,0.000,0.000,8.000,0.005,49.215,0.000,0.008,-1.532,19.703,0.000,32.039,49.226,65.703,0.008,-0.573,19.873,0.148,31.311,26.000,2.000,2026.000,9.000,46.000,56.000
32.000,417.356,1017.889,16.900,1.223,978.144,40.002,448651.907,0.000,0.000,0.000,0.000,8.000,0.005,49.206,0.000,0.007,-1.314,19.709,0.000,32.050,49.216,66.255,0.006,-0.643,19.880,0.158,31.304,26.000,2.000,2026.000,9.000,46.000,56.000
32.000,417.373,1017.889,16.900,1.223,978.184,40.003,448661.114,0.000,0.000,0.000,0.000,8.000,0.005,49.214,0.000,0.013,-0.944,19.683,0.000,32.064,49.193,66.683,0.007,-1.123,19.864,0.234,31.329,26.000,2.000,2026.000,9.000,46.000,57.000
32.000,417.358,1017.890,16.880,1.223,978.149,40.001,448692.679,0.000,0.000,0.000,0.000,8.000,0.005,49.209,0.000,0.010,-0.600,19.667,0.000,32.067,49.218,66.666,0.010,-1.811,19.872,0.084,31.322,26.000,2.000,2026.000,9.000,46.000,57.000
32.000,417.374,1017.891,16.880,1.223,978.186,40.002,448701.566,0.000,0.000,0.000,0.000,8.000,0.005,49.207,0.000,0.015,-0.594,19.702,0.000,32.046,49.210,65.988,0.009,-1.598,19.851,0.152,31.339,26.000,2.000,2026.000,9.000,46.000,58.000
32.000,417.427,1017.890,16.900,1.223,978.312,40.006,448690.582,0.000,0.000,0.000,0.000,8.000,0.005,49.218,0.000,0.014,-0.747,19.705,0.000,32.053,49.209,66.199,0.013,-1.593,19.863,0.164,31.325,26.000,2.000,2026.000,9.000,46.000,58.000
32.000,417.459,1017.889,16.900,1.223,978.387,40.007,448707.692,0.000,0.000,0.000,0.000,8.000,0.005,49.209,0.000,0.015,-0.611,19.670,0.000,32.064,49.206,64.634,0.023,-1.571,19.858,0.104,31.357,26.000,2.000,2026.000,9.000,46.000,59.000
32.000,417.561,1017.889,16.900,1.223,978.628,40.012,448762.929,0.000,0.000,0.000,0.000,8.000,0.005,49.212,0.000,0.009,-0.802,19.683,0.000,32.064,49.208,66.094,0.005,-1.740,19.870,0.071,31.318,26.000,2.000,2026.000,9.000,46.000,59.000
32.000,417.567,1017.890,16.900,1.223,978.642,40.012,448766.399,0.000,0.000,0.000,0.000,8.000,0.005,49.215,0.000,0.003,-1.680,19.690,0.000,32.039,49.220,66.524,0.012,-1.298,19.851,0.083,31.297,26.000,2.000,2026.000,9.000,47.000,0.000
32.000,417.653,1017.892,16.900,1.223,978.845,40.016,448813.407,0.000,0.000,0.000,0.000,8.000,0.005,49.211,0.000,0.007,-0.944,19.678,0.000,32.060,49.197,66.779,0.008,-0.982,19.855,0.110,31.339,26.000,2.000,2026.000,9.000,47.000,0.000
32.000,417.624,1017.893,16.900,1.223,978.777,40.015,448797.925,0.000,0.000,0.000,0.000,8.000,0.005,49.204,0.000,0.008,-1.816,19.680,0.000,32.053,49.213,67.148,0.006,-0.682,19.854,0.097,31.318,26.000,2.000,2026.000,9.000,47.000,1.000
32.000,417.516,1017.890,16.900,1.223,978.522,40.010,448738.781,0.000,0.000,0.000,0.000,8.000,0.005,49.216,0.000,0.008,-1.134,19.669,0.000,32.057,49.197,68.229,0.011,-0.627,19.851,0.170,31.325,26.000,2.000,2026.000,9.000,47.000,1.000
32.000,417.455,1017.890,16.900,1.223,978.378,40.007,448705.746,0.000,0.000,0.000,0.000,8.000,0.005,49.219,0.000,0.006,-1.042,19.685,0.000,32.046,49.197,66.188,0.008,-1.145,19.853,0.184,31.325,26.000,2.000,2026.000,9.000,47.000,2.000
32.000,417.459,1017.889,16.900,1.223,978.387,40.007,448707.692,0.000,0.000,0.000,0.000,8.000,0.005,49.215,0.000,0.005,-0.763,19.673,0.000,32.046,49.215,65.137,0.009,-1.729,19.839,0.040,31.336,26.000,2.000,2026.000,9.000,47.000,2.000
32.000,417.514,1017.891,16.900,1.223,978.517,40.010,448737.918,0.000,0.000,0.000,0.000,8.000,0.005,49.203,0.000,0.009,-0.649,19.671,0.000,32.064,49.195,65.561,0.008,-0.954,19.847,0.068,31.325,26.000,2.000,2026.000,9.000,47.000,3.000
32.000,417.483,1017.890,16.900,1.223,978.444,40.008,448720.910,0.000,0.000,0.000,0.000,8.000,0.005,49.208,0.000,0.011,-0.704,19.675,0.000,32.064,49.197,65.857,0.005,-1.347,19.829,0.131,31.329,26.000,2.000,2026.000,9.000,47.000,3.000
32.000,417.464,1017.888,16.900,1.223,978.399,40.007,448710.179,0.000,0.000,0.000,0.000,8.000,0.005,49.217,0.000,0.012,-0.594,19.686,0.000,32.064,49.213,65.942,0.009,-1.576,19.832,0.057,31.332,26.000,2.000,2026.000,9.000,47.000,4.000
32.000,417.488,1017.889,16.900,1.223,978.456,40.009,448723.397,0.000,0.000,0.000,0.000,8.000,0.005,49.211,0.000,0.008,-1.205,19.677,0.000,32.046,49.206,65.709,0.009,-1.374,19.824,0.035,31.322,26.000,2.000,2026.000,9.000,47.000,4.000
32.000,417.497,1017.891,16.900,1.223,978.477,40.009,448728.712,0.000,0.000,0.000,0.000,8.000,0.005,49.199,0.000,0.006,-1.582,19.656,0.000,32.032,49.224,65.971,0.008,-0.911,19.835,0.305,31.325,26.000,2.000,2026.000,9.000,47.000,5.000
32.000,417.517,1017.892,16.900,1.223,978.524,40.010,448739.764,0.000,0.000,0.000,0.000,8.000,0.005,49.230,0.000,0.020,-0.704,19.661,0.000,32.050,49.208,64.783,0.009,-1.603,19.808,0.272,31.339,26.000,2.000,2026.000,9.000,47.000,5.000
32.000,417.531,1017.893,16.900,1.223,978.557,40.011,448747.565,0.000,0.000,0.000,0.000,8.000,0.005,49.207,0.000,0.011,-1.887,19.658,0.000,32.064,49.204,64.111,0.006,-1.134,19.823,0.070,31.336,26.000,2.000,2026.000,9.000,47.000,6.000
32.000,417.414,1017.895,16.900,1.223,978.281,40.005,448684.643,0.000,0.000,0.000,0.000,8.000,0.005,49.201,0.000,0.004,-1.707,19.639,0.000,32.067,49.206,65.604,0.016,-0.758,19.814,0.104,31.350,26.000,2.000,2026.000,9.000,47.000,6.000
32.000,417.375,1017.894,16.900,1.223,978.189,40.003,448663.300,0.000,0.000,0.000,0.000,8.000,0.005,49.200,0.000,0.014,-1.647,19.665,0.000,32.088,49.203,66.791,0.011,-0.813,19.827,0.066,31.322,26.000,2.000,2026.000,9.000,47.000,7.000
32.000,417.304,1017.893,16.900,1.223,978.021,40.000,448624.622,0.000,0.000,0.000,0.000,8.000,0.005,49.210,0.000,0.009,-1.647,19.660,0.000,32.071,49.209,65.769,0.009,-0.731,19.820,0.053,31.343,26.000,2.000,2026.000,9.000,47.000,7.000
32.000,417.216,1017.893,16.900,1.223,977.813,39.995,448576.952,0.000,0.000,0.000,0.000,8.000,0.005,49.223,0.000,0.008,-1.238,19.643,0.000,32.067,49.209,65.909,0.005,-0.763,19.812,0.187,31.329,26.000,2.000,2026.000,9.000,47.000,8.000
32.000,417.216,1017.895,16.900,1.223,977.813,39.995,448577.393,0.000,0.000,0.000,0.000,8.000,0.005,49.208,0.000,0.022,-0.704,19.658,0.000,32.053,49.211,65.305,0.006,-2.007,19.815,0.139,31.325,26.000,2.000,2026.000,9.000,47.000,8.000
32.000,417.333,1017.895,16.900,1.223,978.090,40.001,448640.771,0.000,0.000,0.000,0.000,8.000,0.005,49.197,0.000,0.007,-0.720,19.654,0.000,32.074,49.216,66.514,0.017,-1.914,19.812,0.229,31.336,26.000,2.000,2026.000,9.000,47.000,9.000
32.000,417.356,1017.896,16.900,1.223,978.144,40.002,448653.449,0.000,0.000,0.000,0.000,8.000,0.005,49.200,0.000,0.004,-0.665,19.661,0.000,32.060,49.218,66.222,0.009,-1.211,19.815,0.173,31.336,26.000,2.000,2026.000,9.000,47.000,9.000
32.000,417.437,1017.896,16.900,1.223,978.335,40.006,448697.320,0.000,0.000,0.000,0.000,8.000,0.005,49.225,0.000,0.009,-1.898,19.668,0.000,32.053,49.215,66.185,0.007,-1.314,19.806,0.075,31.332,26.000,2.000,2026.000,9.000,47.000,10.000
32.000,417.401,1017.898,16.900,1.223,978.250,40.004,448678.263,0.000,0.000,0.000,0.000,8.000,0.005,49.210,0.000,0.008,-1.800,19.651,0.000,32.039,49.215,67.276,0.006,-0.965,19.816,0.078,31.336,26.000,2.000,2026.000,9.000,47.000,10.000
32.000,417.405,1017.897,16.900,1.223,978.260,40.004,448680.209,0.000,0.000,0.000,0.000,8.000,0.005,49.202,0.000,0.007,-1.892,19.666,0.000,32.074,49.197,67.234,0.007,-1.211,19.819,0.047,31.353,26.000,2.000,2026.000,9.000,47.000,11.000
32.000,417.353,1017.896,16.900,1.223,978.137,40.002,448651.824,0.000,0.000,0.000,0.000,8.000,0.005,49.213,0.000,0.014,-1.838,19.626,0.000,32.074,49.202,67.368,0.007,-0.960,19.808,0.118,31.322,26.000,2.000,2026.000,9.000,47.000,11.000
32.000,417.319,1017.896,16.900,1.223,978.057,40.000,448633.408,0.000,0.000,0.000,0.000,8.000,0.005,49.201,0.000,0.006,-1.211,19.646,0.000,32.053,49.211,65.641,0.009,-0.714,19.803,0.129,31.322,26.000,2.000,2026.000,9.000,47.000,12.000
32.000,417.269,1017.895,16.900,1.223,977.938,39.998,448606.104,0.000,0.000,0.000,0.000,8.000,0.005,49.223,0.000,0.017,-1.331,19.652,0.000,32.064,49.215,65.674,0.015,-0.600,19.799,0.189,31.339,26.000,2.000,2026.000,9.000,47.000,12.000
32.000,417.275,1017.896,16.900,1.223,977.953,39.998,448609.574,0.000,0.000,0.000,0.000,8.000,0.005,49.210,0.000,0.007,-1.069,19.648,0.000,32.053,49.205,64.339,0.008,-0.714,19.794,0.075,31.346,26.000,2.000,2026.000,9.000,47.000,13.000
32.000,417.222,1017.896,16.900,1.223,977.827,39.996,448580.864,0.000,0.000,0.000,0.000,8.000,0.005,49.208,0.000,0.005,-0.785,19.633,0.000,32.060,49.216,63.989,0.004,-1.991,19.783,0.101,31.325,26.000,2.000,2026.000,9.000,47.000,13.000
32.000,417.311,1017.898,16.900,1.223,978.038,40.000,448629.516,0.000,0.000,0.000,0.000,8.000,0.005,49.219,0.000,0.003,-0.589,19.646,0.000,32.064,49.212,65.079,0.006,-1.821,19.788,0.087,31.329,26.000,2.000,2026.000,9.000,47.000,14.000
32.000,417.366,1017.897,16.900,1.223,978.168,40.002,448659.086,0.000,0.000,0.000,0.000,8.000,0.005,49.215,0.000,0.010,-0.856,19.616,0.000,32.064,49.206,66.567,0.013,-1.353,19.794,0.098,31.357,26.000,2.000,2026.000,9.000,47.000,14.000
32.000,417.408,1017.899,16.900,1.223,978.267,40.004,448682.275,0.000,0.000,0.000,0.000,8.000,0.005,49.213,0.000,0.011,-0.944,19.635,0.000,32.067,49.212,64.987,0.010,-0.758,19.798,0.036,31.325,26.000,2.000,2026.000,9.000,47.000,15.000
32.000,417.386,1017.896,16.900,1.223,978.215,40.003,448669.698,0.000,0.000,0.000,0.000,8.000,0.005,49.194,0.000,0.009,-1.903,19.636,0.000,32.088,49.212,66.469,0.015,-0.987,19.781,0.226,31.329,26.000,2.000,2026.000,9.000,47.000,15.000
32.000,417.476,1017.897,16.900,1.223,978.427,40.008,448718.662,0.000,0.000,0.000,0.000,8.000,0.005,49.190,0.000,0.015,-1.205,19.635,0.000,32.113,49.212,67.814,0.007,-0.769,19.766,0.263,31.339,26.000,2.000,2026.000,9.000,47.000,16.000
32.000,417.564,1017.898,16.900,1.223,978.635,40.012,448766.538,0.000,0.000,0.000,0.000,8.000,0.005,49.216,0.000,0.010,-0.709,19.658,0.000,32.081,49.224,68.888,0.010,-1.134,19.778,0.110,31.315,26.000,2.000,2026.000,9.000,47.000,16.000
32.000,417.562,1017.898,16.900,1.223,978.630,40.012,448765.455,0.000,0.000,0.000,0.000,8.000,0.005,49.199,0.000,0.008,-0.605,19.614,0.000,32.067,49.206,69.287,0.012,-1.805,19.786,0.089,31.343,26.000,2.000,2026.000,9.000,47.000,17.000
32.000,417.480,1017.899,16.900,1.223,978.437,40.008,448721.269,0.000,0.000,0.000,0.000,8.000,0.005,49.192,0.000,0.009,-0.638,19.613,0.000,32.085,49.196,68.445,0.010,-1.434,19.777,0.035,31.343,26.000,2.000,2026.000,9.000,47.000,17.000
32.000,417.385,1017.898,16.900,1.223,978.212,40.003,448669.597,0.000,0.000,0.000,0.000,8.000,0.005,49.208,0.000,0.010,-1.947,19.613,0.000,32.060,49.208,68.390,0.004,-1.740,19.767,0.089,31.336,26.000,2.000,2026.000,9.000,47.000,18.000
32.000,417.380,1017.898,16.900,1.223,978.201,40.003,448666.889,0.000,0.000,0.000,0.000,8.000,0.005,49.229,0.000,0.011,-1.691,19.624,0.000,32.057,49.211,67.890,0.006,-1.309,19.761,0.254,31.339,26.000,2.000,2026.000,9.000,47.000,18.000
32.000,417.337,1017.897,16.900,1.223,978.099,40.001,448643.378,0.000,0.000,0.000,0.000,8.000,0.005,49.212,0.000,0.012,-0.954,19.614,0.000,32.060,49.215,68.092,0.005,-0.927,19.761,0.061,31.325,26.000,2.000,2026.000,9.000,47.000,19.000
32.000,417.323,1017.898,16.900,1.223,978.066,40.000,448636.016,0.000,0.000,0.000,0.000,8.000,0.005,49.194,0.000,0.009,-1.576,19.617,0.000,32.095,49.185,68.857,0.008,-0.687,19.770,0.106,31.371,26.000,2.000,2026.000,9.000,47.000,19.000
32.000,417.329,1017.899,16.900,1.223,978.080,40.001,448639.486,0.000,0.000,0.000,0.000,8.000,0.005,49.205,0.000,0.010,-1.353,19.603,0.000,32.067,49.200,68.134,0.010,-0.780,19.779,0.044,31.350,26.000,2.000,2026.000,9.000,47.000,20.000
32.000,417.304,1017.901,16.900,1.223,978.021,39.999,448626.385,0.000,0.000,0.000,0.000,8.000,0.005,49.215,0.000,0.012,-0.889,19.622,0.000,32.053,49.207,66.643,0.005,-1.669,19.758,0.064,31.350,26.000,2.000,2026.000,9.000,47.000,20.000
32.000,417.315,1017.898,16.900,1.223,978.047,40.000,448631.682,0.000,0.000,0.000,0.000,8.000,0.005,49.211,0.000,0.010,-0.589,19.592,0.000,32.067,49.227,67.390,0.010,-1.778,19.758,0.227,31.343,26.000,2.000,2026.000,9.000,47.000,21.000
32.000,417.264,1017.900,16.900,1.223,977.927,39.998,448604.497,0.000,0.000,0.000,0.000,8.000,0.005,49.209,0.000,0.007,-0.714,19.615,0.000,32.088,49.211,66.166,0.007,-1.358,19.759,0.047,31.322,26.000,2.000,2026.000,9.000,47.000,21.000
32.000,417.278,1017.902,16.900,1.223,977.960,39.998,448612.522,0.000,0.000,0.000,0.000,8.000,0.005,49.211,0.000,0.007,-1.216,19.605,0.000,32.116,49.208,67.037,0.013,-1.636,19.752,0.036,31.350,26.000,2.000,2026.000,9.000,47.000,22.000
32.000,417.240,1017.899,16.900,1.223,977.870,39.996,448591.276,0.000,0.000,0.000,0.000,8.000,0.005,49.205,0.000,0.007,-0.654,19.621,0.000,32.081,49.205,67.116,0.014,-1.565,19.756,0.075,31.329,26.000,2.000,2026.000,9.000,47.000,22.000
32.000,417.304,1017.901,16.900,1.223,978.021,39.999,448626.385,0.000,0.000,0.000,0.000,8.000,0.005,49.214,0.000,0.010,-1.751,19.613,0.000,32.078,49.218,66.964,0.008,-1.162,19.765,0.059,31.346,26.000,2.000,2026.000,9.000,47.000,23.000
32.000,417.300,1017.902,16.900,1.223,978.012,39.999,448624.439,0.000,0.000,0.000,0.000,8.000,0.005,49.208,0.000,0.006,-1.702,19.606,0.000,32.071,49.219,67.578,0.007,-1.211,19.760,0.136,31.325,26.000,2.000,2026.000,9.000,47.000,23.000
32.000,417.356,1017.903,16.900,1.223,978.144,40.002,448654.992,0.000,0.000,0.000,0.000,8.000,0.005,49.218,0.000,0.012,-1.511,19.610,0.000,32.071,49.221,69.324,0.004,-0.747,19.751,0.066,31.332,26.000,2.000,2026.000,9.000,47.000,24.000
32.000,417.392,1017.902,16.900,1.223,978.229,40.004,448674.270,0.000,0.000,0.000,0.000,8.000,0.005,49.216,0.000,0.008,-1.025,19.613,0.000,32.095,49.207,68.649,0.011,-0.813,19.759,0.163,31.357,26.000,2.000,2026.000,9.000,47.000,24.000
32.000,417.409,1017.901,16.900,1.223,978.269,40.004,448683.257,0.000,0.000,0.000,0.000,8.000,0.005,49.221,0.000,0.005,-0.965,19.586,0.000,32.067,49.208,66.382,0.003,-0.742,19.748,0.132,31.353,26.000,2.000,2026.000,9.000,47.000,25.000
32.000,417.383,1017.899,16.900,1.223,978.208,40.003,448668.734,0.000,0.000,0.000,0.000,8.000,0.005,49.209,0.000,0.012,-0.649,19.577,0.000,32.078,49.216,66.811,0.011,-1.860,19.744,0.043,31.332,26.000,2.000,2026.000,9.000,47.000,25.000
32.000,417.358,1017.900,16.900,1.223,978.149,40.002,448655.414,0.000,0.000,0.000,0.000,8.000,0.005,49.233,0.000,0.011,-0.933,19.581,0.000,32.043,49.214,67.654,0.006,-1.189,19.726,0.236,31.353,26.000,2.000,2026.000,9.000,47.000,26.000
32.000,417.412,1017.899,16.900,1.223,978.276,40.005,448684.441,0.000,0.000,0.000,0.000,8.000,0.005,49.205,0.000,0.014,-1.914,19.599,0.000,32.074,49.194,67.065,0.009,-1.232,19.743,0.192,31.374,26.000,2.000,2026.000,9.000,47.000,26.000
32.000,417.439,1017.901,16.900,1.223,978.340,40.006,448699.505,0.000,0.000,0.000,0.000,8.000,0.005,49.211,0.000,0.014,-1.603,19.589,0.000,32.081,49.212,68.189,0.008,-1.472,19.725,0.066,31.346,26.000,2.000,2026.000,9.000,47.000,27.000
32.000,417.482,1017.900,16.900,1.223,978.441,40.008,448722.573,0.000,0.000,0.000,0.000,8.000,0.005,49.232,0.000,0.013,-1.582,19.589,0.000,32.074,49.204,68.298,0.011,-0.829,19.740,0.289,31.322,26.000,2.000,2026.000,9.000,47.000,27.000
